1603.01595
1603.03827
1605.03284
1610.05361
1610.07651
1610.07809
1703.09013
1704.01346
1708.04755
1708.09234
1710.06481
1802.05014
1803.06966
1805.03645
1805.10047
1805.11752
1806.07139
1807.03950
1808.02831
1809.08621
1811.00405
1812.05001
1812.10037
1901.10188
1902.04574
1903.06464
1904.00585
1905.09864
1906.05612
1906.06493
1906.10907
1909.11189
1909.12229
1910.11470
1911.01746
1911.03429
1911.03648
1911.12579
2002.06823
2002.08267
2003.08385
2003.11562
2004.00588
2004.03034
2004.04225
2004.06499
2004.10643
2004.12190
2004.13078
2004.13945
2004.14848
2004.15011
2005.01497
2005.04147
2005.07503
2005.07753
2005.08213
2005.10659
2005.11014
2005.13399
2006.05014
2006.08792
2006.09242
2007.12544
2007.13184
2008.00805
2008.11584
2009.08712
2009.14259
2009.14734
2010.01417
2010.02592
2010.11915
2010.14534
2011.00470
2011.01785
2011.02093
2011.03281
2011.04732
2011.06306
2011.06489
2011.06819
2011.07013
2011.07680
2011.08626
2011.10285
2011.10426
2012.00398
2012.01288
2012.01721
2012.01953
2012.03833
2012.04332
2012.06236
2012.06754
2012.07528
2012.07701
2012.08549
2012.09123
2012.11960
2012.14094
2012.14666
2101.00056
2101.00434
2101.00674
2101.03526
2101.06400
2101.06423
2101.09007
2101.09079
2101.10070
2101.10524
2101.10708
2101.10917
2102.00299
2102.00541
2102.07847
2102.08655
2102.10075
2102.12060
2102.13549
2103.04518
2103.05131
2103.06598
2103.07785
2103.08364
2103.09710
2103.11859
2103.12407
2103.17055
2104.00783
2104.01378
2104.01543
2104.01569
2104.01666
2104.02310
2104.05146
2104.06828
2104.08405
2104.08578
2104.08639
2104.08782
2104.09656
2104.09742
2104.09777
2104.10726
2104.11514
2104.12977
2105.01306
2105.04024
2105.05502
2105.05557
2105.05790
2105.08504
2105.08956
2105.10323
2105.11115
2105.11269
2105.11343
2105.11752
2105.14528
2105.14556
2105.14762
2106.00130
2106.00954
2106.01033
2106.01581
2106.02497
2106.02516
2106.03048
2106.03973
2106.04302
2106.04905
2106.06899
2106.07207
2106.07340
2106.07363
2106.07499
2106.07691
2106.08680
2106.10622
2106.11483
2106.13316
2106.13973
2107.00596
2107.02268
2107.05697
2107.06483
2107.11778
2107.12895
2108.00084
2108.01132
2108.04750
2108.06665
2108.07154
2108.08111
2108.10724
2108.10986
2108.11574
2108.11994
2108.12177
2109.00165
2109.00648
2109.00729
2109.01411
2109.03175
2109.04957
2109.05213
2109.05925
2109.06262
2109.06703
2109.06822
2109.07351
2109.08460
2109.08927
2109.09232
2109.09700
2109.11745
2109.14259
2109.15254
2110.00613
2110.01938
2110.02042
2110.03949
2110.04878
2110.05071
2110.07480
2110.07498
2110.08345
2110.10661
2110.12370
2110.12949
2110.13480
2110.15703
2110.15718
2111.00400
2111.00607
2111.02194
2111.03496
2111.08634
2111.09836
2111.12790
2112.06096
2112.07421
2112.07522
2112.08633
2112.08682
2112.09266
2112.09526
2112.11640
2112.11913
2112.13946
2201.00598
2201.02662
2201.03017
2201.04227
2201.05700
2201.05891
2201.06657
2201.06876
2201.09060
2202.02976
2202.03291
2202.03753
2202.07280
2202.07856
2202.08882
2202.09694
2203.01104
2203.03541
2203.03550
2203.04464
2203.04651
2203.05840
2203.07522
2203.08979
2203.09770
2203.10123
2203.10244
2203.11856
2203.12487
2203.12881
2203.14257
2203.14507
2203.15827
2203.16266
2204.02311
2204.03839
2204.04869
2204.05208
2204.07853
2204.08848
2204.10939
2204.13515
2205.00620
2205.05889
2205.06621
2205.08621
2205.08868
2205.09314
2205.10822
2205.11152
2205.11370
2205.11374
2205.12176
2205.12453
2205.12914
2205.13708
2205.13792
2205.14660
2205.15301
2205.15683
2206.01677
2206.02608
2206.02928
2206.06320
2206.07115
2206.07556
2206.08446
2206.08709
2206.10298
2206.11218
2206.11249
2206.11865
2206.13974
2207.00560
2207.04901
2207.07087
2208.03516
2208.04479
2208.05152
2208.05720
2208.08887
2208.09912
2208.10281
2208.11283
2209.03791
2209.06687
2209.06869
2209.08283
2209.08681
2209.09593
2209.10139
2209.11035
2209.11842
2209.12652
2209.12678
2209.13101
2209.13187
2209.15168
2210.01877
2210.02223
2210.04074
2210.05112
2210.05664
2210.06101
2210.06824
2210.07128
2210.08145
2210.08459
2210.08692
2210.09049
2210.09345
2210.09389
2210.10144
2210.11359
2210.11670
2210.11714
2210.12429
2210.12828
2210.12949
2210.12997
2210.13163
2210.13181
2210.13749
2210.14763
2210.15600
2211.00243
2211.03634
2211.03940
2211.04236
2211.05165
2211.05561
2211.05955
2211.06651
2211.08073
2211.08464
2211.10163
2211.11890
2211.14402
2211.14539
2211.15262
2211.15916
2211.16822
2211.17121
2211.17201
2212.00192
2212.00298
2212.01476
2212.06711
2212.07798
2212.08195
2212.08390
2212.08486
2212.08597
2212.08620
2212.09171
2212.09409
2212.09947
2212.10029
2212.10087
2212.10152
2212.10422
2212.10544
2212.10696
2212.10758
2212.12061
2212.13201
2301.10656
2301.11305
2302.06560
2304.11090
2304.13276
2305.08711
2307.14817
2309.03559
2309.10687
2310.05845
2312.01143
2312.10169
2401.03129
2401.03512
2401.10660
2402.00746
2402.08341
2402.09216
2402.10373
2403.00813
2403.00824
2404.11717
2405.00543
2405.04163
2405.06696
2405.18719
2406.17038
2406.17990
2406.19354
2407.01411
2407.06779
2407.19795
2408.00284
2409.00355
2409.08435
2409.10997
2409.11538
2409.13972
2410.00751
2410.02149
2410.07830
2410.08968
2410.14043
2411.00878
2411.18990
2412.07429
2412.13879
2412.15785
2501.00069
2502.00988
2502.00996
2502.01662
2502.05150
2502.07687
2502.11501
2502.12510
2502.13738
2503.00231
2503.00342
2503.08195
2503.20179
2504.14856
2504.17445
2504.21019
2505.11807
2505.18562
2505.19236
2506.05813
2507.02950
2507.21319
2508.18648
2508.20068
2509.01468
2509.15577
2509.21262
2509.22546
2510.08988
2510.09062
2511.06418
2511.13040
2512.07195
2512.10411
