1906.09774
1901.09115
1906.05612
1804.07329
1701.02185
1807.00286
1912.01046
1906.06493
1909.07101
1707.06799
1603.02514
1604.06285
1607.04423
1803.07116
1805.07133
1811.00998
1911.03598
1810.09947
1911.03626
1909.01958
1912.09152
1909.10892
1908.04626
1803.00985
1904.06286
1610.06272
1905.01966
1806.04856
1803.05928
1806.04291
1804.07875
1811.00780
1905.11716
1910.13793
1707.09861
1910.13998
1810.05739
1904.05055
1906.09978
1804.00540
1702.03964
1804.04095
1808.04670
1912.11975
1907.11779
1603.01595
1803.04375
1606.01341
1907.00883
1903.12453
1806.05847
1609.04621
1711.00529
1806.04284
1802.06842
1906.01038
1808.03570
1611.09235
1706.00465
1710.05094
1701.01574
1808.09463
1904.00784
1904.06002
1805.12032
1808.08047
1906.08237
1806.02418
1810.01817
1708.02709
1909.08824
1702.07071
1606.02514
1909.00349
1806.11183
1911.06121
1804.07399
1806.07304
1802.09884
1809.01854
1908.04743
1705.02750
1910.10408
1910.14528
1809.00303
1903.01284
1805.10047
1904.00365
1908.10118
1611.02988
1909.04302
1905.01855
1806.05599
1806.04357
1804.03209
1705.03995
1906.03890
1905.05407
1603.06677
1903.08905
1807.07964
1910.09342
1911.10082
1901.10188
1710.00923
1903.10630
1711.05468
1709.09443
1603.03827
1808.00179
1904.06779
1805.12386
1809.00221
1611.00354
1910.00883
1808.02747
1909.01807
1906.06056
1706.03441
1804.00987
1910.04269
1602.07019
1910.11932
1902.10623
1701.08118
1911.07918
1702.08303
1705.03454
1707.01066
1610.01291
1707.07499
1911.02711
1807.03674
1905.01959
1704.00924
1911.01746
1610.07844
1906.02479
1906.05887
1901.07656
1909.00277
1805.01553
1704.05781
1806.05900
1907.09724
1707.09920
1805.04876
1807.03096
1911.04286
1810.09379
1808.08836
1706.08032
1711.01100
1809.03068
1908.01817
1610.03321
1911.07613
1904.03305
1712.08207
1907.02106
1610.02806
1808.08392
1703.09013
1912.00835
1810.09073
1903.01891
1703.02504
1803.05651
1805.03645
1707.01355
1907.01417
1807.11712
1711.01048
1810.08606
1801.09633
1708.05286
1807.11276
1909.00925
1906.10907
1706.00377
1807.03004
1907.02030
1911.03429
1903.06464
1605.06770
1908.01841
1909.12339
1607.00534
1705.00571
1812.02536
1705.02925
1902.00756
1902.06050
1906.05000
1910.07468
1805.06016
1806.01483
1810.08717
1609.04186
1708.03390
1603.06127
1908.01355
1906.07599
1904.03450
1904.00639
1909.00516
1611.08813
1610.05361
1812.00677
1909.05355
1803.00191
1710.06481
1908.04531
1903.11269
1904.02306
1904.07391
1902.08832
1808.10701
1707.03903
1807.03006
1706.03216
1911.12478
1904.00313
1909.09907
1905.00195
1904.08138
1906.00424
1905.01712
1911.03894
1610.07651
1906.11384
1803.09371
1806.01733
1802.08375
1806.05997
1905.05538
1808.09637
1703.04879
1809.02223
1909.04879
1807.10311
1702.06235
1909.07739
1607.04853
1803.06456
1909.12136
1805.06511
1712.00170
1810.13181
1701.02877
1911.05758
1806.03357
1901.07475
1805.03257
1805.03122
1803.04000
1610.09995
1906.05889
1911.11404
1911.00461
1707.06878
1805.11474
1911.12579
1806.04381
1805.11824
1807.00303
1909.11291
1909.09704
1908.08167
1803.02914
1706.03499
1809.05742
1707.09168
1709.01950
1707.07601
1908.10731
1806.00910
1911.04118
1910.00553
1705.05414
1606.08270
1907.08532
1911.03817
1808.03915
1908.10084
1903.07389
1902.09506
1808.06729
1702.04938
1904.07334
1910.07457
1802.05014
1904.02244
1806.03529
1812.04722
1911.08829
1803.03670
1909.10861
1912.05200
1606.09371
1906.00790
1703.02507
1708.06828
1610.06053
1711.00354
1911.06191
1912.13321
1602.00293
1807.03950
1605.06319
1909.00931
1810.06635
1907.12674
1909.04181
1811.00258
1906.05491
1809.05576
1811.00225
1912.11270
1611.04741
1706.04971
1911.02499
1707.07129
1807.11172
1912.10847
1805.11752
1707.03819
1804.05416
1806.05219
1908.10275
1902.07669
1806.06349
1711.09645
1607.02250
1906.05149
1804.09132
1906.09719
1707.01075
1807.05151
1703.02859
1905.11901
1906.11751
1912.01673
1806.06957
1911.03283
1909.02250
1911.01599
1909.13434
1611.01101
1909.13302
1711.08195
1809.01574
1910.03375
1809.06683
1807.10543
1902.08856
1804.00247
1608.08940
1909.08402
1805.05370
1806.01523
1803.08463
1812.10037
1909.10122
1806.05099
1903.06400
1608.05528
1803.10299
1905.10464
1803.05655
1906.06465
1807.11584
1605.05172
1908.09919
1905.05704
1802.00033
1810.05754
1605.04655
1801.09896
1805.08701
1808.02374
1911.03772
1606.09370
1911.11161
1904.09131
1805.11651
1901.08014
1609.09004
1704.00380
1909.07521
1902.04574
1912.10161
1806.04441
1806.04330
1711.02918
1809.08205
1904.03396
1906.08885
1810.10942
1711.06141
1910.07460
1812.08425
1808.04943
1606.01603
1707.07212
1709.01713
1806.09828
1902.08830
1808.06289
1907.02298
1907.00448
1907.08672
1905.09864
1805.07819
1903.05498
1903.08206
1907.02090
1603.07012
1803.05829
1702.05398
1805.03330
1704.02813
1903.07037
1608.05374
1811.00379
1907.03020
1901.00066
1704.01346
1909.04273
1708.09702
1702.01517
1712.01476
1912.09582
1908.09369
1712.05128
1711.07265
1912.10514
1910.11470
1710.06371
1911.12019
1810.02508
1811.00405
1812.04891
1809.01962
1909.08700
1702.02736
1909.05088
1604.05372
1807.02202
1608.01413
1809.00537
1903.10548
1909.11241
1810.11895
1603.05670
1909.05246
1806.03537
1909.12140
1806.01330
1810.03459
1704.08092
1906.01543
1804.10974
1601.02539
1606.06361
1907.04954
1805.12115
1808.07364
1909.01247
1610.08914
1909.08837
1611.02007
1906.04761
1903.03467
1909.11189
1907.01669
1810.13033
1803.09901
1909.05885
1909.09788
1805.00287
1810.08567
1906.02128
1909.00412
1909.09485
1703.10186
1910.13291
1708.09234
1801.03257
1806.05210
1604.08781
1612.05420
1710.01779
1703.02860
1912.03334
1811.01697
1909.12229
1806.07687
1908.07855
1810.08579
1909.04625
1812.09244
1911.00637
1803.07427
1911.09271
1709.04219
1801.02581
1710.07695
1605.05906
1911.03936
1903.10950
1612.01744
1902.09508
1708.00415
1708.00726
1605.02457
1806.04450
1904.00688
1906.05061
1911.02782
1911.12391
1708.04755
1703.04001
1906.10256
1806.00258
1807.03591
1905.06649
1808.05611
1803.03859
1910.03467
1609.09028
1806.05461
1804.10184
1704.06913
1901.05041
1801.08991
1809.03169
1906.10519
1904.03164
1608.01238
1707.06945
1809.08621
1911.06910
1910.02238
1904.00110
1805.12518
1912.13415
1808.02228
1602.06797
1911.06137
1701.04024
1809.06223
1804.06333
1806.00044
1707.07631
1909.04393
1809.04022
1906.10511
1909.09270
1806.05947
1803.08614
1808.06853
1810.06695
1806.09030
1906.01268
1910.04210
1812.05001
1909.01296
1907.03060
1905.13618
1606.08733
1608.03803
1807.01466
1908.05672
1908.01519
1902.11058
1709.00345
1811.00146
1908.11511
1801.06407
1908.02477
1809.10867
1910.10781
1803.06966
1709.00659
1805.04453
1906.02868
1811.08610
1907.09340
1809.10267
1903.09813
1707.06480
1909.09389
1910.04176
1805.08241
1907.03187
1908.10747
1912.01072
1808.04151
1803.01580
1610.09704
1809.04838
1808.02831
1902.08342
1908.08206
1610.01546
1708.09217
1806.03653
1811.11136
1608.06134
1907.05338
1808.03028
1811.01910
1708.02099
1906.02979
1609.09382
1805.04570
1905.13637
1812.08951
1712.08349
1611.09238
1806.09751
1710.01799
1610.03342
1706.08198
1911.03648
1805.07966
1805.06413
1908.11047
1910.12203
1906.04960
1912.01131
1909.00531
1906.00534
1903.10915
1905.01852
1606.01541
1902.02169
1906.11085
1909.13104
1904.00585
1609.08824
1909.03526
1711.07915
1910.02915
1905.01998
1905.04071
1711.05186
1907.09038
1803.03917
1806.06228
1908.11279
1906.03538
1609.00070
1906.01733
1803.10421
1906.07978
1812.01250
1807.06683
1907.08948
1604.01692
1911.05715
1906.06917
1901.11333
1912.10167
1806.03489
1703.05916
1910.14243
1801.09536
1911.12982
1605.03284
1909.06618
1609.09405
1908.00908
1909.00522
1810.08677
1611.00472
1608.07720
1906.09821
1907.13237
1905.01992
1908.09892
1610.08815
1906.01472
1802.00385
1805.09648
1907.03885
1902.04793
1907.05084
1909.09986
1909.08135
1806.08040
1710.04600
1805.00879
1902.07831
1705.03389
1907.01686
1808.04334
1605.03924
1909.03716
1806.07139
1911.01600
1911.10115
1810.07156
1808.02961
1909.04453
1909.12131
1904.03300
1610.07809
1810.04528
1912.06905
1811.01115
1704.00405
1808.09354
1909.00945
1911.07335
1802.09375
1909.11272
1809.09528
1806.06259
1808.07042
1908.08528
1809.05886
1807.06151
1912.00113
1709.08299
1910.14161
1906.11608
1906.07662
1808.09401
1910.02223
1905.06401
1907.12679
2209.04953
2110.12949
2104.07155
2103.06434
2209.13736
2204.10281
2112.00534
2103.09645
2107.07498
2105.04976
2210.07382
2109.11105
2202.04462
2212.09028
2203.10326
2207.04660
2212.07914
2203.08410
2212.07752
2111.00276
2111.09115
2210.13025
2109.12913
2101.09368
2201.10707
2105.07400
2203.06298
2105.04387
2105.00831
2107.03179
2004.09456
2209.10193
2112.08682
2207.02463
2210.14763
2011.02944
2004.04803
2110.01295
2012.00893
2112.08313
2011.03983
2101.00180
2205.13572
2212.06522
2101.10917
2211.06452
2106.03521
2202.04161
2006.01997
2210.07700
2109.02738
2107.09648
2101.03216
2104.06683
2112.07337
2005.02557
2202.07543
2210.12910
2210.03915
2204.06502
2110.07382
2106.03598
2202.03799
2205.00305
2011.11090
2011.12073
2201.06302
2212.06645
2108.10926
2210.13312
2205.12910
2208.00932
2101.10524
2107.08337
2103.01065
2203.00902
2210.01989
2210.14307
2208.04568
2112.14933
2012.15425
2108.07790
2112.13259
2204.05862
2101.06368
2201.04227
2106.03952
2211.04903
2201.02321
2201.08277
2011.10285
2212.10233
2105.04949
2206.12088
2201.08495
2212.02437
2205.12672
2211.10438
2111.02643
2210.05245
2111.08896
2104.10454
2210.12374
2004.14905
2103.01399
2112.10189
2110.08551
2204.03930
2103.01679
2010.11764
2111.05364
2205.08772
2103.03820
2110.05663
2012.14681
2212.08597
2008.13544
2105.06752
2210.09565
2112.05647
2103.11878
2110.15709
2106.12230
2110.07356
2204.04534
2206.04439
2112.04184
2203.10261
2207.11436
2205.11616
2206.02171
2108.02524
2104.06599
2210.07783
2011.00470
2210.00850
2206.00052
2203.11702
2209.00495
2210.06444
2203.16965
2211.08380
2011.03203
2203.13112
2209.15108
2206.03931
2203.07836
2105.04047
2209.04994
2112.11739
2111.06719
2106.00143
2111.05013
2009.11898
2208.13265
2206.04187
2108.11943
2211.15593
2105.05209
2210.06884
2102.00819
2111.00192
2111.04052
2104.13043
2003.07459
2201.06496
2109.05149
2209.10063
2010.01150
2104.14914
2204.02515
2105.11136
2102.03554
2206.07106
2210.12813
2010.05248
2108.08556
2204.04306
2211.07743
2204.09081
2104.07695
2103.13033
2202.13610
2208.12888
2111.06644
2204.05232
2108.10684
2108.13653
2204.10931
2106.14609
2104.00782
2108.12177
2110.08381
2111.02326
2211.07828
2203.05936
2203.10415
2105.15021
2011.13200
2206.08709
2208.14652
2104.02112
2105.11115
2205.09651
2011.14244
2201.09012
2105.04024
2008.11053
2111.09811
2209.07430
2110.08345
2106.01810
2211.02098
2210.11498
2209.11977
2205.03534
2112.07522
2211.00384
2104.05827
2210.07792
2104.06486
2205.12446
2109.11085
2212.10555
2111.10513
2209.14279
2011.07605
2112.08777
2012.00124
2212.10534
2109.12870
2203.10426
2103.13275
2203.08257
2206.08053
2208.12482
2210.17463
2204.12693
2111.08723
2211.08412
2108.10764
2108.06107
2212.10511
2203.11364
2103.15025
2108.00577
2205.05862
2106.06766
2205.12558
2212.11937
2107.12064
2107.11610
2109.10453
2112.06598
2004.12864
2111.04198
2109.03570
2010.04744
2206.02252
2010.11238
2112.03858
2204.13743
2104.06737
2109.02972
2201.11766
2205.00693
2111.11363
2210.04307
2212.02800
2204.06487
2202.00454
2112.09266
2102.04065
2109.08068
2210.14712
2103.16189
2204.06745
2104.07951
2109.05250
2109.05186
2112.03807
2212.05276
2010.05318
2211.17163
2106.15537
2101.09015
2104.08782
2211.15028
2004.14677
2207.06729
2111.15512
2204.09481
2110.02054
2205.11863
2205.09148
2105.14082
2210.10722
2011.02541
2107.02416
2209.15469
2206.01268
2109.02903
2112.08289
2108.12229
2105.02751
2207.09099
2204.07701
2211.05604
2108.01129
2109.06264
2203.10741
2210.11835
2208.05225
2203.14563
2212.12800
2106.04302
2111.01243
2105.05502
2210.06020
2107.13764
2012.04808
2107.14589
2210.08634
2205.02728
2202.01709
2202.07959
2208.08509
2109.10859
2202.11299
2211.13638
2205.12701
2212.13104
2102.05924
2110.07244
2212.09750
2108.06806
2105.05601
2204.12639
2204.01841
2211.01848
2206.11083
2203.08757
2201.06573
2112.06370
2210.12096
2204.05717
2210.09754
2211.09070
2212.08307
2005.09123
2005.05264
2203.12210
2210.08697
2103.11761
2111.08408
2203.00255
2104.08420
2012.15761
2103.11089
2108.05289
2109.10855
2106.07540
2212.10785
2209.13778
2109.06605
2206.14579
2209.14780
2010.10077
2110.06510
2210.11714
2212.05696
2203.03541
2201.09651
2212.08205
2203.16747
2110.04151
2211.09102
2210.12437
2205.09172
2112.08191
2109.05395
2104.08570
2112.00800
2209.09513
2201.07281
2209.01250
2005.11009
2205.11505
2204.05307
2103.15543
2210.03264
2109.12911
2205.01878
2104.04470
2210.03378
2006.04702
2110.00613
2112.09600
2106.09232
2201.05700
2205.05738
2212.09140
2111.05414
2109.06860
2105.00171
2210.10860
2108.06590
2101.08370
2210.12517
2205.12650
2006.14320
2112.09572
2202.08175
2105.11950
2104.09933
2111.05671
2007.11949
2210.13401
2006.09075
2206.13284
2203.08512
2109.10497
2012.14978
2102.00176
2203.06396
2201.05601
2210.12367
2109.01935
2210.12926
2110.14207
2110.03611
2206.00265
2109.09707
2004.03136
2010.11683
2202.11864
2202.05758
2109.07848
2012.15015
2104.08173
2212.10180
2105.02477
2212.09867
2110.07602
2211.04128
2210.04873
2109.12424
2108.07593
2110.12412
2101.09990
2208.08023
2104.00767
2112.08657
2204.02007
2106.12056
2108.03973
2105.03160
2210.00743
2204.13309
2205.02022
2212.08987
2208.07845
2106.15135
2109.05016
2103.10731
2211.03013
2203.14579
2106.01555
2204.02710
2207.05144
2101.01907
2203.15827
2205.00148
2210.15226
2211.15583
2110.03895
2212.10179
2110.08464
2101.00540
2109.04708
2001.11458
2205.07352
2207.11774
2103.12048
2110.06920
2206.06174
2105.07624
2212.02216
2108.09084
2201.03239
2010.16275
2104.01306
2102.05007
2203.13420
2205.04105
2209.06995
2106.01033
2206.10668
2206.11953
2103.17151
2107.06990
2204.04481
2212.10563
2209.15558
2211.15568
2102.09665
2203.07633
2104.08779
2109.07377
2209.06652
2205.07123
2110.12687
2110.05727
2108.05271
2107.03884
2011.01798
2212.10380
2108.05036
2011.09684
2004.14451
2004.13886
2205.10782
2207.10576
2112.03011
2204.04282
2101.00371
2103.02333
2209.09432
2206.12034
2012.00366
2109.07971
2212.01350
2010.12613
2210.16495
2210.06829
2103.06402
2105.05641
2111.05940
2005.07751
2109.09597
2212.02168
2208.07832
2107.04691
2106.15674
2208.05577
2205.02129
2210.11753
2006.01563
2210.00705
2104.07858
2211.12154
2103.06779
2103.09185
2205.01588
2211.04417
2003.04978
2210.14473
2104.13691
2006.03652
2011.05910
2204.13509
2210.05875
2106.07340
2203.03989
2110.05111
2210.07485
2106.13973
2101.09149
2109.06521
2111.15413
2202.06871
2003.12111
2212.08195
2101.10368
2112.09288
2203.03878
2110.04236
2106.07716
2110.15802
2010.11791
2206.15147
2110.04475
2110.04620
2207.03390
2211.07714
2211.09159
2206.02928
2112.08578
2212.00196
2102.11048
2110.08536
2201.07198
2012.13838
2208.09439
2104.10662
2212.11672
2109.09105
2107.09852
2102.11917
2208.12494
2108.01122
2103.17205
2211.16858
2104.08433
2111.06787
2110.03618
2110.08470
2209.12613
2205.01703
2209.03742
2011.01624
2210.14678
2111.08284
2104.05964
2104.14700
2008.09894
2104.11476
2102.03795
2204.08152
2211.13527
2201.06777
2102.08655
2211.16174
2010.01737
2005.03521
2210.07185
2204.04347
2010.02407
2202.00470
2108.08111
2110.08193
2105.05887
2101.12637
2211.04476
2012.14666
2112.08910
2101.07450
2112.03984
2106.02516
2106.16196
2011.12465
2203.08992
2110.08118
2109.03381
2206.10919
2210.01296
2007.12544
2107.08523
2109.14989
2109.02325
2205.04050
2202.02976
2208.13899
2103.14465
2203.00793
2012.12382
2110.10668
2206.02206
2202.05690
2209.14415
2209.07800
2202.01145
2110.15703
2211.11724
2203.09632
2009.06354
2204.13097
2106.00742
2204.07674
2106.14433
2104.07081
2102.13136
2011.12380
2204.06028
2106.02559
2004.03554
2205.00344
2203.01677
2104.10263
2207.01772
2105.08504
2211.01889
2109.14039
2203.17103
2106.07056
2010.12623
2005.11849
2211.10435
2103.06944
2105.02987
2205.01376
2112.07475
2103.07875
2105.12907
2104.07924
2209.11000
2209.08207
2201.06286
2103.01242
2205.12304
2108.00648
2105.03986
2104.09694
2201.10792
2107.00279
2108.04366
2201.12323
2201.06384
2106.10955
2204.05185
2108.13602
2205.11961
2205.11658
2111.14929
2204.03031
2103.02143
2205.06262
2110.12552
2203.07259
2112.15331
2210.07270
2210.07873
2111.13138
2212.03371
2210.10358
2201.05609
2208.09715
2208.10709
2212.05982
2105.14002
2204.03951
2004.04128
2205.12469
2208.02402
2209.07442
2103.11431
2103.01620
2205.10475
2112.01959
2201.06657
2106.04258
2103.05552
2005.13399
2103.11441
2108.09546
2206.07427
2101.03289
2111.08634
2103.00479
2204.07705
2210.02658
2012.10309
2104.09500
2105.14289
2106.02497
2012.01721
2202.05148
2107.05219
2104.03848
2112.06309
2210.09658
2107.09285
2204.13021
2110.15722
2208.01009
2206.13974
2212.10784
2108.06614
2203.16973
2204.07531
2010.09072
2202.13972
2210.01258
2205.04093
2110.05999
2104.10516
2012.01300
2109.05487
2112.05842
2206.08446
2211.03837
2206.11332
2103.13550
2202.01802
2204.05169
2011.06844
2110.03866
2204.12111
2204.07580
2109.03537
2207.10569
2011.12432
2211.11924
2110.02267
2208.08887
2211.00915
2211.14402
2107.00176
2202.05144
2107.08124
2202.05778
2209.00445
2102.08220
2010.09313
2109.06304
2110.03873
2112.08346
2106.02490
2106.03631
2110.07367
2202.05383
2205.09273
2207.14736
2210.11720
2101.10070
2201.03804
2205.01907
2210.04756
2011.11115
2204.02292
2109.01628
2109.00544
2205.12673
2108.10724
2205.12194
2110.09454
2212.08094
2209.02030
2109.11745
2012.04726
2005.00771
2205.04304
2203.10343
2104.13727
2112.07916
2112.07577
2106.01561
2105.03659
2210.06431
2206.07318
2109.14350
2010.04389
2010.06053
2106.07823
2206.06308
2110.05748
2110.15836
2101.11155
2207.01918
2104.08524
2202.06417
2210.12654
2008.04277
2106.01597
2109.03121
2104.02205
2012.15606
2012.14778
2205.00130
2105.14078
2205.07557
2010.05731
2206.08029
2212.10471
2006.00490
2110.07444
2102.05260
2203.14876
2211.12092
2212.02712
2105.05996
2211.08316
2109.08460
2207.13757
2208.08386
2210.10049
2205.12621
2102.07150
2210.12814
2210.12023
2103.07259
2101.02235
2205.09314
2106.04832
2102.03882
2003.12932
2106.12488
2211.03046
2109.13430
2009.05289
2206.14719
2101.10642
2107.00318
2012.14854
2011.05788
2103.05231
2012.09005
2109.12082
2207.08943
2104.05216
2105.07510
2201.05966
2105.11260
2012.02721
2205.03369
2104.01037
2209.05185
2011.14293
2203.09679
2106.01463
2209.06664
2105.12172
2203.16474
2203.10610
2110.07592
2111.00400
2210.11034
2001.11899
2209.00484
2211.16807
2012.15699
2107.10655
2210.14607
2009.08138
2010.08319
2207.04003
2102.02574
2109.07148
2211.13290
2110.11207
2205.13357
2011.03965
2205.02694
2210.03629
2002.00119
2205.13346
2010.06354
2108.07154
2209.10791
2001.07194
2202.09509
2102.11047
2003.06209
2111.06467
2205.11602
2212.10455
2210.12694
2205.12176
2211.08842
2212.01692
2010.11018
2203.05875
2107.02027
2208.12496
2005.00050
2012.01288
2205.15823
2010.06666
2211.04079
2010.07773
2210.04963
2109.03695
2210.08145
2005.06602
2109.05644
2104.07704
2102.09777
2105.14528
2106.05580
2010.04650
2210.10027
2208.00479
2109.07954
2210.09175
2210.06440
2210.10689
2112.08513
2210.13778
2007.10866
2204.07600
2107.07691
2205.12309
2004.10270
2110.03142
2211.16822
2103.01345
2011.14489
2104.07800
2103.08647
2111.03320
2107.00596
2211.02519
2102.11278
2212.11234
2109.12662
2202.03218
2112.01842
2211.07716
2105.00572
2012.07280
2111.12790
2009.12695
2211.15432
2106.08007
2204.03503
2212.10873
2102.02080
2211.11617
2012.05879
2204.12608
2206.07920
2104.01782
2111.06181
2109.05325
2104.01378
2209.02071
2209.01765
2106.01040
2203.10282
2104.07646
2209.02982
2006.01938
2211.00046
2208.06957
2105.12297
2105.06603
2108.04840
2111.06179
2203.09590
2108.02170
2109.04500
2007.12569
2204.06674
2004.13828
2203.07643
2109.07169
2004.13845
2012.01305
2110.08412
2210.12409
2102.05980
2109.00563
2108.04990
2211.03025
2207.07706
2210.15615
2211.03348
2108.03067
2012.00857
2210.15458
2210.14409
2212.12799
2105.09649
2210.17049
2012.07589
2104.10813
2205.11686
2107.03950
2109.04732
2010.05738
2210.07323
2109.06827
2204.09598
2105.06511
2105.02544
2111.03108
2210.05598
2106.09589
2106.00641
2005.01525
2211.04486
2106.16055
2205.15511
2012.13985
2009.08942
2012.15332
2110.03730
2109.10650
2211.05598
2104.06719
2108.12750
2012.15810
2204.02530
2210.06799
2205.12453
2104.07284
2205.10938
2109.01267
2202.07280
2112.13352
2011.00766
2210.12809
2212.07072
2211.05110
2207.11697
2204.03227
2205.09988
2104.13579
2001.05714
2109.09133
2111.09836
2109.04413
2207.00349
2109.05097
2210.08808
2111.14282
2203.06228
2101.03717
2005.03545
2103.16716
2210.03568
2210.08692
2104.09574
2208.10378
2204.09591
2202.09695
2210.11947
2210.17418
2110.15222
2210.02659
2210.12170
2111.15417
2201.00912
2210.03419
2006.08792
2106.14387
2107.13077
2106.04298
2010.12473
2104.05433
2109.02401
2204.00004
2108.13556
2203.07285
2109.14638
2205.02921
2111.14031
2205.13754
2205.12484
2106.05426
2106.10719
2109.06747
2109.07351
2212.09305
2108.03881
2211.09110
2202.09694
2103.12028
2206.02608
2208.12852
2004.13819
2110.06128
2102.04490
2209.13187
2204.02908
2208.07864
2207.14000
2204.04581
2105.14762
2211.04508
2109.03914
2203.07135
2104.14478
2012.11142
2110.10319
2208.11893
2207.08286
2110.04419
2209.11378
2008.09869
2111.04933
2102.12843
2010.14123
2112.07443
2203.16794
2212.02143
2111.13993
2010.09803
2011.06128
2210.02703
2207.00430
2105.14878
2210.06356
2103.12280
2204.10365
2110.15718
2004.03180
2210.09150
2101.08962
2205.09692
2212.02745
2109.03659
2210.05043
2212.08888
2112.08466
2109.10856
2203.01054
2104.04630
2203.12277
2108.13817
2110.15705
2205.03978
2105.11832
2111.09381
2110.04353
2210.05675
2210.04447
2207.06226
2110.10470
2210.12328
2206.14576
2108.08102
2107.09931
2110.07918
2202.10787
2204.05424
2007.14200
2204.04619
2007.02629
2110.04888
2212.12801
2004.00050
2205.14660
2105.15171
2210.10672
2006.14194
2211.01267
2011.14190
2012.02038
2201.06469
2105.12305
2210.00500
2210.12213
2207.10649
2103.05132
2203.06849
2203.09178
2211.15359
2205.02068
2210.13039
2210.04492
2207.08583
2209.06275
2210.11759
2106.00851
2202.12837
2111.09064
2009.05092
2011.06874
2212.10422
2210.04232
2104.11030
2004.10581
2110.12201
2107.11572
2111.07819
2208.10310
2207.02008
2203.12187
2208.06178
2109.08478
2108.10197
2212.09746
2107.08199
2007.02540
2210.02890
2207.14003
2210.12321
2210.15048
2011.12014
2210.14299
2106.10840
2211.01981
2212.08999
2110.15149
2207.08982
2210.01091
2206.05473
2012.07575
2101.11109
2101.07417
2210.11617
2209.15236
2003.13198
2210.03162
2006.03659
2210.09770
2109.08607
2004.13702
2012.13568
2109.14816
2211.12360
2205.05535
2212.07542
2004.04225
2212.10526
2210.00320
2211.10147
2012.01873
2205.08184
2212.08775
2011.14496
2206.11146
2010.11574
2107.02421
2104.08653
2204.05518
2203.13550
2112.02995
2212.09747
2006.05354
2112.13428
2105.05557
2206.14055
2103.03457
2109.05213
2205.01404
2205.03153
2104.12424
2202.10744
2112.01368
2211.09783
2103.16210
2211.06651
2110.00697
2109.09790
2212.01187
2202.10855
2204.13409
2201.03382
2107.02175
2211.02744
2109.14368
2105.11776
2201.06642
2107.00189
2109.00486
2212.08011
2212.09252
2207.11762
2012.13436
2201.01706
2112.07381
2203.16825
2104.05688
2201.01845
2208.10898
2109.12584
2104.00267
2109.12068
2004.14257
2101.00438
2212.09656
2104.07467
2107.14336
2205.12542
2210.12810
2202.00443
2210.02914
2206.07841
2210.16643
2104.09570
2109.10506
2205.12113
2109.08396
2203.14996
2102.06991
2208.10264
2112.08570
2102.00845
2110.03047
2210.08459
2104.06546
2201.05088
2109.12788
2207.13955
2010.01897
2006.05014
2001.05316
2012.15534
2205.00283
2105.07622
2211.15089
2106.05894
2004.12198
2109.03402
2112.07711
2110.15064
2104.08027
2010.12676
2010.12868
2210.05035
2106.01559
2210.14814
2206.10706
2107.10427
2206.13756
2109.14250
2109.12457
2201.08174
2206.00856
2112.03737
2210.04962
2004.14623
2207.10342
2210.03841
2110.09710
2208.01468
2209.14557
2103.07771
2012.05300
2001.09907
2203.02317
2110.00125
2204.04869
2209.07118
2104.08765
2203.06211
2209.07000
2004.00588
2007.04792
2210.16841
2108.13759
2103.07766
2005.07505
2110.08538
2112.11632
2209.06505
2011.09817
2210.07353
2011.09553
2112.07868
2205.05050
2207.09150
2106.02960
2203.16601
2108.07556
2204.06964
2209.15189
2201.01405
2112.07708
2004.14004
2112.06196
2106.07285
2005.01107
2212.06038
2203.10557
2109.13105
2101.10708
2203.02244
2105.14802
2106.09449
2205.14217
2010.04755
2106.10123
2105.04371
2206.11218
2105.00164
2109.11020
2002.07927
2210.02956
2204.07853
2208.04479
2101.11363
2109.04901
2103.01421
2109.04727
2112.08615
2105.01893
2109.14927
2203.07522
2202.12350
2210.08321
2112.02212
2210.11082
2207.01947
2112.15051
2104.09683
2108.06991
2204.01171
2101.00056
2212.10726
2012.07379
2102.07983
2202.12459
2211.12118
2202.07654
2111.00701
2105.12399
2002.06823
2211.03270
2105.04903
2104.04108
2206.00701
2203.16804
2202.12210
2205.09178
2107.06483
2202.06935
2201.00374
2008.07259
2104.13346
2102.02955
2206.00192
2008.06079
2211.15556
2112.05785
2011.00483
2103.13103
2009.13859
2112.08787
2105.08855
2005.09069
2007.11865
2204.03479
2211.15916
2112.06327
2207.03679
2202.04192
2112.15471
2211.08653
2202.11705
2205.10977
2109.07968
2104.08661
2101.11753
2108.13990
2105.12848
2109.04853
2210.06986
2202.10408
2210.15452
2011.04767
2107.03242
2107.05833
2206.02885
2110.13495
2210.14698
2111.13972
2111.10952
2112.13597
2101.00416
2010.02636
2211.08369
2205.07257
2203.16578
2010.04482
2112.08547
2006.09719
2212.09741
2205.02370
2109.00271
2112.11776
2211.05596
2206.11865
2211.00142
2204.00498
2206.01918
2210.11598
2207.10524
2107.12203
2204.02000
2204.05426
2109.12761
2104.01543
2109.06807
2109.00571
2206.04330
2102.05766
2203.07911
2203.07228
2110.00687
2211.07705
2107.00152
2009.14259
2110.12341
2204.13957
2210.15600
2205.14252
2003.10254
2106.10004
2106.14127
2206.07190
2203.04111
2109.07301
2011.09448
2102.12082
2111.01992
2212.07852
2011.06754
2211.10511
2103.01667
2205.12390
2111.04261
2108.10986
2204.07288
2210.05230
2210.12540
2112.08633
2004.13937
2106.02083
2101.10014
2209.14091
2109.12053
2105.08956
2204.07359
2003.14155
2205.03815
2110.12342
2212.13201
2009.02645
2107.06010
2108.13700
2004.01251
2207.07255
2212.07549
2208.13170
2208.09163
2209.06049
2211.13317
2111.06053
2210.03765
2105.11178
2105.04126
2111.09453
2206.07556
2211.00107
2205.01497
2212.10189
2103.14916
2106.07385
2108.04718
2212.02036
2110.05367
2009.14809
2212.08459
2110.07209
2201.09119
2209.06295
2202.08687
2205.15683
2212.10791
2204.09654
2012.14642
2009.08114
2106.11196
2211.08989
2211.15927
2109.08927
2102.00287
2110.08559
2204.14211
2203.00759
2210.05197
2011.01599
2109.15298
2210.13236
2209.10183
2203.12886
2206.03173
2210.13168
2109.07046
2002.12540
2206.10914
2011.12334
2205.10189
2211.00295
2210.01425
2012.15150
2009.08445
2012.15859
2209.12733
2005.12762
2110.10185
2109.01583
2205.03512
2104.09243
2211.07830
2002.04494
2011.03138
2108.09495
2106.03048
2012.05715
2207.01718
2110.04374
2112.07421
2006.11572
2011.02093
2112.08087
2202.03371
2108.08447
2212.12017
2203.10579
2105.11741
2109.04385
2201.03857
2011.03502
2112.00566
2109.07017
2210.07904
2205.06130
2209.00367
2007.07803
2202.00396
2212.06369
2109.06262
2104.00664
2210.12929
2109.10475
2112.13800
2112.08554
2205.12649
2108.00084
2204.12130
2103.15500
2007.04428
2010.03542
2211.04023
2212.12937
2201.11576
2006.12106
2208.06161
2204.02712
2202.09445
2212.10722
2205.11465
2103.02636
2205.00965
2111.09296
2203.04464
2104.03506
2112.11480
2207.00397
2211.09942
2201.05302
2102.11152
2003.11562
2211.12668
2205.05805
2203.15424
2208.12097
2109.11227
2108.09689
2210.13749
2105.03710
2102.00894
2011.09413
2210.05726
2003.10564
2001.09386
2104.09061
2102.02967
2111.03800
2103.14804
2106.02016
2110.05722
2112.06776
2204.12632
2005.00637
2003.14402
2006.06341
2210.15398
2112.03808
2205.12422
2104.05459
2108.11063
2212.10297
2204.13418
2004.12752
2109.07488
2112.05197
2210.15225
2112.07089
2206.05399
2211.11890
2102.09114
2104.05696
2105.00328
2111.00607
2110.08445
2207.14627
2211.03923
2109.07383
2208.00433
2111.08465
2112.13960
2211.13308
2204.04458
2103.05028
2210.07538
2202.00298
2205.10498
2202.02702
2207.06882
2211.00053
2209.12352
2001.05314
2109.03175
2106.03634
2104.05501
2209.15168
2108.12594
2212.05093
2209.08236
2003.11644
2112.06377
2203.05355
2206.14272
2212.07798
2109.09233
2209.11252
2202.07023
2104.06387
2102.00912
2103.06758
2106.07363
2205.05807
2110.05665
2205.11374
2101.00436
2108.02189
2109.07185
2212.10933
2004.14283
2111.14730
2106.14361
2205.03966
2203.08436
2206.15359
2103.13552
2004.00881
2004.07642
2012.15079
2012.02420
2210.06150
2107.02246
2104.10247
2105.11119
2103.05944
2112.06199
2204.03839
2108.12522
2012.15454
2011.08523
2002.09604
2104.07496
2205.01416
2204.00871
2102.05456
2204.07789
2109.08805
2110.08743
2205.13139
2106.16013
2102.06551
2205.00387
2206.13757
2103.01544
2112.08414
2205.02005
2203.15917
2108.04106
2210.01959
2211.05031
2012.06154
2011.06854
2210.03963
2205.06207
2109.07713
2205.04322
2205.08001
2010.09030
2109.03552
2206.03025
2110.03036
2205.10363
2205.12691
2111.09388
2104.06969
2201.00075
2105.14454
2003.14386
2204.09168
2210.07111
2106.07794
2210.06706
2106.07691
2104.07944
2005.05513
2202.11923
2212.10400
2205.10884
2211.13776
2104.08809
2208.09719
2006.12870
2103.15877
2210.03575
2209.03452
2104.11559
2210.06023
2201.09997
2107.13955
2203.11764
2204.10615
2110.09574
2204.06271
2212.05238
2210.13002
2209.14614
2211.06127
2109.09195
2204.10624
2102.00225
2210.06576
2204.04735
2210.02771
2212.10152
2211.09113
2002.02427
2110.05071
2010.06203
2109.12023
2105.10188
2202.13352
2205.11388
2104.01666
2206.14796
2206.14858
2202.05435
2102.12162
2211.10797
2104.12201
2106.05822
2103.09548
2011.03760
2210.01734
2203.03759
2106.08629
2109.01211
2205.04274
2110.15766
2104.01290
2208.10598
2211.12503
2012.14837
2102.03596
2109.05190
2205.07381
2106.04814
2109.12781
2009.13570
2206.13425
2104.05882
2210.10144
2210.07472
2007.12432
2107.13689
2110.05354
2005.04938
2104.05277
2110.07476
2104.06952
2210.07440
2209.02495
2208.01299
2007.13027
2211.14591
2106.01229
2110.03252
2005.07820
2105.03409
2112.06096
2112.10553
2205.02564
2210.16079
2005.11687
2106.04970
2204.03508
2109.05238
2104.01572
2104.10513
2101.11802
2109.04867
2001.05493
2206.02230
2208.11283
2204.01846
2110.13692
2109.06704
2104.10441
2205.09497
2211.08371
2212.00339
2104.12846
2207.12035
2202.02646
2102.11276
2208.05152
2106.03730
2207.12551
2208.01171
2207.00975
2105.08146
2211.08264
2211.00582
2208.09333
2104.09400
2111.04079
2211.01736
2105.03011
2206.07360
2007.16007
2007.02871
2108.08468
2112.13432
2107.03266
2210.12883
2010.08014
2011.00596
2004.13945
2108.12189
2108.12459
2104.05514
2008.13012
2210.07587
2204.14256
2109.10104
2101.11216
2105.05541
2204.08892
2212.10696
2109.09853
2102.01818
2104.01724
2203.06671
2202.07791
2204.05208
2204.12820
2112.08152
2105.00309
2210.11165
2106.06017
2003.09606
2209.07834
2205.12148
2210.02509
2103.15339
2201.05294
2204.09714
2111.03777
2010.04747
2210.05146
2103.12235
2109.04672
2103.15330
2011.02173
2006.09242
2211.03252
2110.02884
2104.06335
2109.01411
2210.06340
2110.11589
2211.16773
2008.05760
2005.08314
2211.14865
2102.09990
2004.02334
2204.00458
2112.13320
2208.11194
2207.07025
2103.15022
2212.10002
2009.06451
2205.07387
2203.09183
2103.01196
2204.06337
2108.02074
2206.11851
2206.12368
2104.05224
2101.04355
2106.06830
2203.07143
2109.00729
2109.04817
2112.12318
2109.05252
2012.14610
2205.12206
2208.07989
2109.06308
2206.14913
2109.00698
2105.02472
2205.03589
2207.14418
2110.15730
2108.12521
2103.13439
2211.00243
2205.11603
2108.13138
2205.15231
2101.09244
2205.00445
2103.17250
2208.14536
2203.11131
2207.00560
2212.10057
2109.02403
2112.06905
2204.01848
2110.06176
2109.04609
2105.13995
2208.03067
2202.08533
2207.03885
2104.06400
2202.11444
2210.11729
2101.02398
2205.10762
2205.12914
2012.04332
2101.11430
2204.00391
2010.07557
2202.10062
2212.08390
2109.03731
2009.08180
2108.01132
2209.07299
2208.03516
2102.06380
2107.13586
2102.01578
2104.09033
2105.11219
2112.01147
2202.00848
2110.06612
2106.06160
2211.07712
2212.09739
2203.13560
2210.07519
2104.08635
2207.12021
2109.03199
2201.11294
2205.06982
2101.05656
2211.07906
2208.00463
2110.06043
2210.07189
2112.14820
2205.10455
2105.12306
2210.07198
2112.11640
2110.08151
2205.06993
2211.04898
2104.07814
2105.13266
2212.08073
2112.05826
2103.15721
2211.11226
2012.13939
2010.07261
2212.09235
2205.12072
2102.12179
2204.12070
2105.04241
2211.04576
2111.07119
2008.00293
2106.06683
2107.03625
2007.13184
2107.08091
2104.03869
2205.11308
2210.12865
2112.08713
2104.06983
2203.10244
2107.05697
2204.07555
2110.15130
2112.00567
2210.06282
2201.05613
2107.02276
2004.10813
2209.09485
2112.05328
2210.01108
2109.12406
2012.07701
2207.06490
2202.11176
2102.12382
2204.08198
2206.01137
2101.11891
2204.10555
2003.03072
2205.14631
2004.10320
2203.08307
2203.10623
2004.05119
2111.07864
2109.05140
2210.06331
2109.09232
2112.09738
2104.04739
2209.15162
2005.08213
2112.12940
2111.00767
2204.06584
2109.00725
2210.11563
2203.16502
2207.02824
2105.14553
2107.06155
2205.12368
2202.10101
2108.12009
2207.06814
2206.08445
2208.09437
2205.01825
2110.07595
2108.10750
2203.12487
2004.03902
2201.10881
2208.08201
2105.05975
2204.08535
2012.05776
2109.06349
2208.13081
2210.04261
2201.09680
2203.13926
2211.03217
2203.12067
2204.14243
2207.09674
2212.05856
2110.15871
2209.11035
2204.09292
2109.07542
2209.09742
2204.10086
2110.04522
2206.09676
2109.03383
2011.09708
2109.04762
2206.10744
2103.01706
2211.00869
2104.08259
2210.07547
2209.10041
2110.08501
2212.09248
2204.08373
2111.03496
2210.08779
2105.06965
2105.04650
2202.01178
2211.01635
2110.03389
2210.12410
2101.06400
2101.06323
2109.04369
2108.00578
2211.08462
2210.10350
2206.04980
2210.03057
2210.17004
2102.13549
2101.00674
2103.16809
2012.07535
2209.02535
2104.05156
2212.06383
2210.08817
2012.06025
2201.02662
2205.03666
2210.12949
2210.01343
2110.07498
2209.12234
2210.01240
2102.01672
2101.04257
2207.07586
2210.04107
2110.12646
2205.12244
2111.02110
2206.00906
2210.12078
2008.11584
2208.10281
2003.09520
2103.14583
2012.13978
2210.15842
2201.05061
2206.01543
2206.02696
2210.02627
2207.12696
2211.00635
2004.14620
2003.10097
2104.03767
2205.06072
2009.14463
2210.03092
2212.07571
2110.07831
2102.03556
2205.06321
2212.00486
2108.12821
2204.12164
2010.13814
2202.08882
2110.08419
2211.01288
2207.14393
2111.11750
2105.00823
2011.04732
2212.11185
2104.08405
2209.06416
2212.08486
2008.13160
2209.03528
2210.00131
2205.10036
2010.03147
2203.03123
2104.09765
2205.01287
2109.02383
2206.12260
2109.05199
2204.03021
2108.00279
2210.12565
2103.07601
2209.15176
2203.10752
2205.01204
2101.09007
2106.07967
2202.02312
2012.07808
2210.04220
2205.12228
2110.10457
2208.01561
2012.07410
2011.01181
2106.07055
2204.08922
2104.08202
2105.11407
2211.12504
2102.00583
2211.02950
2204.02531
2208.05890
2003.04360
2102.00472
2202.00484
2104.06555
2106.02435
2110.07480
2009.05021
2112.02448
2209.06470
2110.08887
2107.03286
2212.09125
2105.02657
2106.07353
2206.09600
2109.10500
2202.13581
2210.00910
2009.06819
2205.01500
2011.11928
2110.14636
2111.06599
2105.05227
2110.02042
2105.01296
2210.03985
2109.13767
2205.12538
2210.11757
2005.14627
2210.14128
2112.04008
2204.07082
2212.01588
2105.00477
2103.12450
2110.10064
2106.09775
2103.07449
2106.03826
2007.15681
2104.05837
2212.10192
2105.07623
2110.08168
2101.11954
2210.15144
2101.09773
2106.08801
2211.07164
2104.05010
2204.07696
2108.10580
2108.09505
2210.09179
2011.05103
2212.02564
2211.07615
2210.04073
2203.07362
2205.11008
2104.05700
2211.11087
2206.04937
2210.13181
2103.13597
2107.07610
2008.10873
2205.03026
2012.04946
2103.13606
2111.11471
2106.08117
2207.10849
2212.09702
2212.01581
2205.00620
2106.05141
2204.06677
2106.06689
2203.10705
2206.01583
2203.00274
2105.13065
2105.13857
2201.02977
2110.00796
2210.15616
2011.05457
2104.11642
2109.07465
2012.11960
2104.09066
2004.12502
2102.12971
2207.01937
2105.10080
2206.00289
2104.07358
2111.00490
2010.09780
2110.09131
2106.03379
2006.01912
2206.15066
2210.14431
2106.00188
2109.02753
2110.15721
2106.09929
2110.09147
2104.08646
2004.02709
2210.07222
2206.14348
2004.09662
2203.07856
2001.05315
2011.13534
2206.04221
2204.05188
2112.01342
2109.10126
2106.14157
2210.12857
2102.02557
2103.12407
2103.04180
2109.05812
2212.07223
2104.06999
2005.12889
2112.13776
2112.11915
2110.01661
2105.10155
2210.03871
2109.11333
2103.07098
2204.10202
2206.13289
2012.05786
2106.09588
2012.07587
2105.14214
2210.04359
2108.06743
2211.01200
2008.12804
2211.09085
2110.15023
2212.06711
2105.14774
2211.14459
2110.02370
2109.05357
2205.13708
2112.01753
2105.10323
2109.00904
2109.14059
2205.01538
2011.08035
2206.09591
2105.01306
2108.07005
2203.16512
2205.11503
2206.15076
2203.09946
2203.12524
2206.07682
2212.09744
2106.00400
2204.02123
2109.10952
2104.03945
2002.08267
2212.08120
2106.06849
2204.06130
2203.07644
2212.10758
2201.04450
2212.08192
2209.01352
2210.15696
2210.06394
2202.13274
2001.01447
2208.13978
2107.11665
2010.11915
2202.02511
2208.13661
2110.08845
2211.11359
2112.08656
2112.13556
2108.00804
2105.14879
2205.01850
2011.07127
2205.13434
2106.12398
2204.07837
2206.10298
2102.10697
2209.05707
2203.04356
2212.09873
2212.10019
2205.08943
2206.11219
2010.04292
2209.01519
2212.09726
2212.00301
2204.08304
2101.10273
2103.11151
2205.03313
2210.12798
2108.04692
2109.11314
2112.08789
2108.10417
2204.11574
2108.02941
2211.06959
2210.10449
2107.01068
2205.12696
2005.00318
2009.01989
2212.06048
2112.13241
2101.09810
2012.02498
2204.04289
2204.13032
2209.04280
2106.05830
2203.08411
2106.14365
2101.00760
2206.06320
2011.09210
2005.01006
2205.07750
2012.02462
2201.05363
2104.12377
2010.06858
2211.09680
2203.11552
2210.05664
2006.01209
2205.14084
2205.02132
2104.01604
2201.13230
2211.07715
2012.06236
2109.06660
2012.02763
2204.03783
2005.06872
2207.14094
2107.03141
2204.07046
2204.13778
2206.04153
2106.07207
2111.09543
2208.11334
2109.10441
2210.13163
2104.05321
2103.12876
2106.04398
2205.12528
2209.13547
2109.01242
2008.10105
2109.04957
2112.12650
2104.00639
2104.08712
2205.02490
2203.01063
2209.06273
2106.09462
2208.01296
2210.13439
2106.13316
2201.05721
2011.08951
2212.09955
2211.00586
2009.09879
2012.08150
2011.07975
2211.07932
2207.04476
2204.07779
2208.05623
2204.03357
2210.12079
2103.06598
2101.08231
2112.00283
2206.14607
2110.04891
2011.04883
2210.12688
2012.05011
2005.03119
2210.14472
2109.15254
2010.04897
2104.04632
2003.13785
2105.01995
2108.11626
2103.03775
2109.11389
2102.10535
2104.08445
2204.09867
2208.09912
2109.10444
2101.03553
2010.05006
2202.04847
2111.07408
2109.02550
2210.14260
2105.00150
2208.11981
2205.11409
2011.12649
2106.03103
2106.02792
2110.05287
2210.06928
2108.00057
2102.10956
2112.15417
2204.07781
2106.10512
2204.10080
2109.01691
2107.08582
2210.07535
2207.00352
2103.11764
2106.16175
2106.06588
2108.05838
2205.09630
2110.02056
2206.08680
2204.01906
2101.03029
2105.14167
2104.08320
2010.04335
2103.10195
2105.00846
2212.09254
2104.00290
2109.07343
2012.15349
2006.02951
2108.01487
2208.03812
2211.11772
2205.07276
2204.07241
2110.07304
2008.07267
2111.07180
2109.02846
2212.04068
2102.01263
2112.08548
2009.02795
2208.01341
2112.08718
2106.00749
2111.03212
2206.08325
2205.12514
2205.04006
2201.02419
2105.09742
2105.03280
2005.00791
2109.01048
2203.11639
2205.00716
2009.07936
2109.00799
2205.02388
2007.13339
2207.09157
2204.03953
2004.13432
2004.12894
2210.11255
2210.03493
2209.09368
2110.06843
2106.03232
2201.03115
2204.13874
2204.12662
2008.02878
2108.13032
2103.06816
2210.01504
2205.00512
2212.03551
2112.05596
2208.12367
2211.02848
2112.05459
2212.07156
2112.07606
2212.09939
2110.02834
2212.10528
2106.10622
2110.11934
2112.07327
2011.00449
2111.13259
2203.05899
2110.08542
2203.06482
2210.15224
2107.02875
2103.13587
2109.14017
2211.08295
2202.09662
2203.00249
2201.05878
2106.06228
2104.08801
2204.06555
2005.11055
2110.06502
2210.02933
2212.10469
2209.04811
2103.01032
2203.08954
2105.11321
2010.05330
2012.09123
2208.00249
2212.02885
2210.11766
2204.07272
2106.02833
2102.06008
2205.06904
2210.16407
2104.07302
2110.10150
2109.07403
2011.06819
2112.10728
2203.02167
2212.09462
2010.06278
2210.05257
2105.12682
2004.12274
2103.05327
2207.08305
2104.08639
2202.08125
2107.10652
2012.01462
2112.11670
2112.11913
2106.10862
2109.14047
2002.06701
2205.00759
2211.01761
2106.03389
2210.07763
2108.09913
2010.06269
2106.15825
2105.05596
2211.11678
2205.09665
2110.08355
2101.00133
2101.11214
2110.08420
2012.04099
2106.04016
2206.11993
2203.16574
2207.10617
2010.04900
2106.08680
2104.06645
2110.08388
2209.02971
2012.11808
2109.09358
2210.12997
2109.02950
2212.04214
2104.08964
2105.12969
2205.12005
2210.01963
2109.03764
2211.07950
2104.12847
2104.09081
2012.02613
2106.09558
2110.14273
2210.09132
2212.01791
2209.10139
2212.07922
2210.10578
2201.03026
2210.17161
2210.13575
2206.01987
2011.12086
2112.03414
2110.12780
2205.10696
2211.09847
2206.10343
2112.11909
2104.10661
2012.15075
2003.01355
2004.14848
2011.07398
2205.00395
2212.09257
2203.16279
2111.14210
2210.01263
2103.11859
2105.13818
2105.10606
2110.07909
2205.08868
2112.15060
2210.03999
2210.01877
2208.05719
2108.08946
2112.09841
2212.07127
2210.05112
2204.09248
2212.10819
2109.13620
2104.09656
2005.03692
2011.00425
2106.02359
2112.06295
2212.06801
2208.00318
2211.08073
2207.02419
2010.03662
2207.06960
2210.05156
2212.01669
2112.14153
2101.10250
2205.06119
2103.13084
2210.13938
2103.11790
2107.02499
2211.16172
2206.04327
2011.14459
2210.15135
2202.02635
2109.03158
2206.08790
2212.12584
2207.01327
2203.13722
2005.11014
2104.05980
2109.08008
2209.07678
2210.06828
2105.03316
2211.08850
2106.10076
2011.00564
2206.06807
2106.03921
2210.08992
2212.10551
2101.09079
2110.02067
2111.06902
2103.07052
2004.12190
2005.08081
2011.07743
2107.11768
2108.03731
2103.15760
2109.06896
2204.05634
2204.09145
2111.09035
2004.07807
2202.09792
2109.04689
2003.09166
2104.00789
2106.06875
2205.04376
2105.09137
2212.05356
2211.12701
2204.13931
2203.15479
2002.08131
2105.09653
2211.08057
2208.04534
2206.07359
2012.05444
2205.06840
2105.08445
2210.12905
2206.00929
2205.11152
2109.01537
2105.14839
2206.08593
2103.09330
2109.00648
2203.09424
2201.03035
2202.13229
2210.12619
2106.07936
2111.08647
2208.10448
2112.04971
2203.10432
2106.12797
2011.09159
2206.02119
2109.07449
2205.10560
2204.10050
2101.05225
2206.02421
2211.17108
2106.04252
2207.00748
2201.02797
2204.05212
2210.05033
2206.13214
2209.13192
2205.12215
2207.08376
2206.06238
2108.07249
2203.09813
2203.06264
2106.06462
2112.03473
2210.14979
2210.09559
2104.04087
2207.13988
2211.06168
2206.01550
2104.02115
2206.08407
2107.00061
2104.10791
2201.05337
2004.14974
2009.12711
2204.12785
2205.09295
2210.06824
2106.04563
2105.08213
2204.04521
2109.09858
2205.09867
2203.09742
2210.05758
2205.08891
2011.01785
2202.06219
2105.09660
2209.00154
2212.01612
2211.16285
2211.09878
2110.12370
2205.12554
2103.00293
2205.12420
2212.02907
2108.10931
2210.12828
2106.10745
2205.12485
2110.14843
2203.09509
2105.03070
2107.10342
2104.00772
2208.05545
2205.10095
2205.11887
2104.08384
2109.03888
2103.00242
2202.06167
2204.02470
2008.01391
2112.01054
2111.12783
2104.05740
2110.03353
2204.09658
2103.10518
2012.04812
2204.07316
2205.03772
2207.01312
2206.13654
2105.05790
2101.11122
2204.01959
2104.09585
2006.08952
2209.10335
2211.14700
2012.07536
2012.11967
2012.03118
2106.01635
2011.01060
2102.12777
2110.10329
2212.10504
2211.13014
2110.06366
2205.05124
2206.05603
2211.06862
2102.02841
2104.12977
2005.07667
2212.10714
2203.06918
2107.03176
2104.04497
2205.01889
2104.10215
2206.12866
2108.13620
2011.07997
2011.01536
2112.07771
2203.12171
2203.10010
2109.08475
2108.08252
2112.07534
2102.08892
2202.09483
2112.13237
2101.03988
2204.05695
2203.08931
2201.03107
2011.05706
2210.13701
2012.10074
2110.14203
2210.09340
2102.04521
2210.12378
2109.02071
2012.12756
2109.09209
2003.12660
2109.04834
2209.09300
2211.07443
2101.00419
2210.02400
2208.14111
2210.15184
2205.15051
2010.02733
2011.07247
2110.07483
2109.13318
2210.11560
2104.07410
2204.00741
2104.00369
2110.08527
2010.12925
2204.04991
2105.01052
2204.07770
2206.06029
2106.07499
2101.11888
2206.05802
2203.11720
2006.05493
2206.08727
2102.00299
2109.06105
2210.13449
2012.07517
2106.00291
2211.05156
2209.08698
2107.05693
2108.02359
2111.04530
2104.04549
2109.01942
2104.07642
2106.01167
2007.01658
2201.06125
2112.06386
2212.10505
2111.00180
2202.03629
2205.12570
2210.11670
2004.13889
2110.06384
2012.08549
2210.03980
2103.03583
2104.12741
2104.09777
2107.09274
2204.08083
2112.07742
2110.05856
2111.04194
2011.13284
2204.10422
2209.07836
2101.11112
2210.07295
2210.10252
2109.08249
2206.12710
2101.10281
2109.11064
2110.13480
2204.12951
2203.09313
2012.01631
2104.08376
2107.11481
2106.16038
2211.05955
2103.01664
2109.06333
2202.09955
2212.13392
2206.13217
2211.08464
2209.15093
2205.11729
2209.11068
2006.13343
2203.10316
2104.10210
2106.04853
2203.10659
2209.07858
2012.02144
2210.12623
2109.07953
2209.12817
2205.15060
2210.03405
2204.03619
2112.08634
2209.13114
2210.13777
2004.04243
2208.09693
2206.10559
2209.12652
2204.04748
2211.15421
2102.12206
2211.04236
2104.08840
2202.08316
2105.01331
2111.08489
2203.03463
2107.08212
2104.00106
2109.00239
2204.08811
2103.09567
2206.04137
2102.10075
2108.03578
2102.00086
2203.07085
2203.10123
2109.05739
2005.07753
2203.10338
2102.12060
2211.10163
2106.09024
2211.00676
2002.00768
2210.03246
2207.12759
2203.12258
2105.08106
2110.08417
2204.08137
2212.10544
2206.02114
2212.09667
2212.02924
2204.00743
2206.12261
2106.04060
2110.15269
2207.00688
2204.11742
2106.05768
2204.04541
2104.08659
2201.02733
2211.05599
2210.10951
2109.10397
2203.14276
2011.11712
2206.08264
2110.07240
2203.13867
2111.03913
2104.07554
2101.06423
2211.11875
2212.08037
2205.04438
2207.00753
2205.10088
2104.13733
2110.11850
2011.12662
2011.02378
2104.14209
2204.11550
2111.08088
2205.04505
2109.14259
2207.00412
2009.14306
2107.01294
2211.13786
2012.04955
2209.02062
2204.00916
2106.01064
2105.09052
2210.04829
2210.01869
2205.06755
2107.05465
2205.04185
2109.04652
2112.07583
2104.08578
2004.09447
2211.04205
2012.13354
2211.00262
2201.11826
2204.05674
2106.00903
2105.03979
2012.04380
2204.03301
2211.01180
2204.08110
2105.12667
2212.04595
2012.05302
2201.02312
2104.02851
2206.01512
2212.01933
2211.05985
2005.13837
2012.11995
2205.00176
2110.01140
2109.13089
2211.03229
2107.05684
2010.09657
2008.03164
2109.11171
2101.05593
2203.16487
2210.13865
2205.06644
2102.00461
2104.09696
2011.10208
2212.10750
2103.02227
2104.08464
2008.05190
2111.04951
2206.07115
2102.08924
2012.09216
2206.09059
2106.10084
2205.05730
2202.12576
2210.06781
2112.02997
2105.14850
2109.05897
2210.07109
2208.01376
2112.00653
2109.03277
2111.05825
2108.07638
2101.11739
2112.13572
2104.01799
2107.11020
2206.08910
2210.03068
2208.12505
2208.01355
2111.15588
2105.03010
2212.09662
2212.10257
2105.12437
2212.10754
2108.10127
2008.08547
2104.08560
2011.09739
2108.05857
2204.10939
2201.10066
2007.05618
2202.07858
2204.01512
2212.09736
2210.10332
2004.13842
2110.07550
2202.02013
2205.11867
2109.05074
2206.05658
2108.12197
2210.11787
2103.06922
2106.06673
2210.13836
2210.05529
2104.00783
2207.05289
2012.12458
2103.09926
2203.08259
2210.07415
2204.00558
2203.16595
2207.14255
2205.03955
2106.02692
2012.08290
2009.04953
2210.12429
2110.13971
2104.13872
2010.06478
2104.06979
2109.11406
2109.06862
2106.00261
2106.01023
2109.03502
2011.09379
2010.12784
2012.11820
2004.14265
2204.02952
2202.02535
2103.14512
2102.02925
2212.10080
2201.06723
2110.05633
2112.04886
2107.07974
2010.13057
2104.11639
2011.03281
2203.05918
2108.03089
2202.08063
2204.13362
2008.11970
2206.05014
2104.08410
2102.01563
2206.07593
2110.07178
2110.07752
2203.12949
2011.12631
2010.02494
2211.02477
2206.11871
2201.03425
2103.06648
2101.00130
2211.03818
2106.11388
2204.12061
2206.12293
2210.06336
2011.06489
2204.08405
2101.00027
2211.10678
2204.06683
2210.11536
2206.06992
2012.00012
2111.15093
2111.15436
2202.05457
2107.09881
2101.03778
2203.09055
2205.12609
2007.12733
2208.09982
2007.12949
2102.12700
2110.11514
2206.02661
2210.08362
2210.04382
2112.08619
2202.13636
2112.01902
2205.11055
2111.09634
2112.01707
2108.10692
2205.12702
2103.11603
2103.07762
2010.15423
2201.08038
2210.00339
2110.08246
2207.14403
2203.12906
2002.10931
2108.13875
2107.02331
2205.14140
2209.04951
2108.08676
2202.03792
2011.02947
2103.07785
2212.02384
2106.15217
2211.12835
2110.15682
2101.11889
2107.07771
2211.09267
2208.10244
2101.09449
2005.11768
2206.02369
2212.02352
2109.01207
2211.01289
2101.00406
2203.16266
2207.04043
2103.09535
2211.00171
2110.03949
2111.00191
2212.07160
2211.03533
2212.09573
2210.14424
2205.08605
2201.07365
2203.04651
2202.05971
2211.12781
2104.04487
2212.10515
2109.08754
2202.00481
2003.08370
2112.04329
2205.03559
2109.07141
2209.12953
2212.10140
2010.11973
2211.13327
2212.09947
2212.09897
2006.14223
2211.13819
2108.01042
2109.05281
2106.00130
2205.15661
2109.06987
2202.04350
2106.01170
2205.10643
2109.11295
2211.02011
2207.06300
2203.08274
2106.10928
2109.04780
2105.00895
2109.09237
2008.01377
2009.05603
2205.03676
2104.08219
2202.09452
2112.14330
2011.02788
2111.05147
2105.00030
2103.12872
2010.11334
2110.12374
2205.06203
2109.13137
2205.08478
2112.09986
2112.10108
2110.13090
2111.15166
2101.03207
2110.13980
2202.02516
2106.14444
2204.08006
2005.04147
2012.15643
2009.08229
2208.10684
2211.16492
2102.04811
2101.00297
2210.12687
2106.15355
2110.08329
2012.02015
2202.13590
2208.08195
2210.08750
2204.04891
2106.03257
2211.05035
2103.10385
2205.06573
2210.15219
2004.10643
2109.08256
2010.06281
2211.05166
2202.13876
2211.08466
2110.08486
2205.12259
2211.06229
2007.15620
2107.09710
2108.11574
2203.02458
2104.14703
2208.10400
2112.07434
2210.12362
2004.14356
2104.07472
2202.07894
2103.06884
2209.09593
2205.11020
2109.00363
2010.13870
2105.00811
2102.12858
2209.05130
2012.10877
2106.06082
2205.10350
2211.07078
2112.02505
2205.03786
2008.03101
2110.05021
2108.12848
2206.12649
2008.00853
2209.14073
2110.01938
2203.04857
2003.03239
2002.12005
2103.00153
2011.03870
2209.06946
2007.09774
2105.04098
2112.03032
2111.09791
2201.05173
2201.09227
2104.05488
2203.11841
2010.14534
2103.01378
2009.10205
2106.05546
2211.11081
2103.02585
2204.11454
2012.04005
2103.08364
2203.08929
2106.00055
2209.04529
2212.10502
2211.03318
2205.06118
2210.03797
2204.13192
2108.02314
2203.16926
2104.07896
2110.12010
2109.05925
2206.02737
2109.09475
2204.09149
2110.01811
2210.07993
2212.00616
2210.13578
2205.00868
2001.11285
2211.08473
2207.03477
2211.05165
2105.14682
2211.02332
2106.03518
2203.03168
2211.07040
2203.12926
2201.06199
2102.00405
2209.01824
2211.07954
2103.11800
2206.05696
2106.01518
2106.02954
2103.02878
2104.06960
2209.14854
2205.11747
2209.01815
2210.12400
2205.12456
2111.09612
2111.08940
2109.04325
2008.06452
2103.09710
2009.08712
2209.14142
2210.08284
2103.07040
2005.08866
2101.11360
2106.15247
2012.05628
2209.13738
2109.10227
2205.09350
2012.11157
2109.06243
2012.08148
2201.11903
2210.12215
2110.05419
2111.12284
2112.04359
2204.13512
2103.07929
2102.02189
2203.13151
2105.04616
2011.09567
2204.04775
2212.10381
2112.09062
2209.11842
2109.03630
2202.06776
2212.11670
2212.02591
2110.05775
2105.05582
2210.12560
2012.07557
2205.04086
2104.10726
2203.11171
2208.01755
2010.08756
2210.16298
2209.08141
2102.13030
2105.03943
2104.04947
2212.01907
2104.04584
2201.10005
2204.03025
2211.03263
2212.00192
2210.01293
2105.07144
2105.14445
2004.05986
2104.09617
2210.09434
2104.02242
2209.05040
2204.12481
2201.07341
2106.13553
2109.00916
2208.13595
2005.08206
2112.13742
2112.12327
2206.12664
2012.14094
2208.13078
2212.13492
2101.12640
2210.13393
2104.00235
2011.07680
2203.10945
2206.08955
2108.00400
2203.10424
2005.12411
2210.13536
2209.01515
2210.12265
2106.04653
2210.16960
2104.05919
2212.08153
2004.04070
2201.08717
2208.05720
2012.13454
2105.11343
2011.02068
2005.07174
2203.13064
2104.04318
2007.10945
2212.11275
2101.03700
2203.10900
2110.14782
2105.02263
2104.07846
2204.10192
2209.15301
2003.11563
2104.08315
2109.04562
2104.07840
2210.12242
2204.06328
2211.03634
2208.01693
2109.01484
2204.12808
2211.07514
2211.12164
2012.11760
2209.02508
2210.05773
2201.12799
2103.04222
2105.11752
2112.09866
2210.06254
2012.01953
2109.06822
2210.03496
2109.11321
2104.07885
2109.01238
2012.07463
2210.15097
2106.08686
2108.04049
2010.07522
2210.02621
2108.12881
2211.09260
2212.10461
2010.13674
2205.09278
2204.14213
2109.06703
2210.16773
2211.14539
2106.11791
2211.08104
2205.12213
2203.05412
2109.05056
2106.01478
2210.05613
2203.06096
2101.12294
2210.17497
2110.13658
2003.08385
2012.07516
2103.00536
2109.09075
2108.13112
2110.14398
2012.07528
2103.13076
2207.08179
2202.13024
2207.07087
2104.09792
2109.10147
2203.06386
2209.12099
2212.10539
2210.07544
2010.01417
2105.01949
2006.00593
2011.03258
2106.06297
2210.12396
2106.00590
2101.12056
2106.15684
2011.07013
2109.04593
2203.17225
2210.02938
2001.05609
2203.14835
2210.12391
2206.00564
2110.04655
2203.16060
2011.14678
2112.00894
2206.03702
2103.07575
2206.05807
2206.00234
2109.14895
2205.08755
2210.04878
2110.05115
2210.08536
2112.12224
2208.02031
2010.11004
2104.00124
2211.05417
2011.12165
2104.08826
2107.11534
2106.15195
2110.15710
2009.09223
2107.01592
2208.13947
2106.09231
2204.02821
2207.12406
2010.05725
2206.07382
2210.09972
2209.12711
2105.01192
2209.08071
2105.01009
2111.05407
2103.01834
2201.11374
2204.01172
2005.10659
2204.12716
2109.11442
2106.10619
2004.03289
2112.13756
2207.00758
2203.09435
2210.11744
2110.02432
2110.04878
2205.09209
2210.13600
2210.09049
2203.05115
2111.10142
2010.12626
2005.11197
2011.06306
2105.06027
2108.09193
2205.11277
2211.05343
2201.01997
2209.06612
2205.07795
2204.09358
2212.10391
2201.12409
2109.04408
2201.02993
2203.09486
2012.05983
2211.03491
2101.06172
2210.09550
2210.14606
2210.10606
2212.00744
2209.00568
2106.02725
2210.04870
2210.02969
2104.08601
2203.10321
2108.04750
2202.00469
2203.10430
2106.01491
2106.07935
2210.13940
2109.00087
2111.07795
2012.11420
2109.04137
2203.05386
2101.05478
2205.12410
2106.03973
2112.03014
2110.02852
2011.03469
2203.12235
2103.10673
2111.07148
2101.11429
2104.02484
2205.08124
2204.02311
2109.10509
2204.00429
2211.05344
2210.14140
2110.14764
2012.08206
2004.08123
2210.08726
2110.06419
2109.10164
2204.07834
2207.05221
2212.08620
2206.01677
2112.01589
2210.13985
2108.11994
2108.01377
2207.01893
2202.06671
2107.11351
2011.12167
2109.08650
2106.01228
2011.08626
2109.00253
2011.05504
2110.09264
2001.06381
2011.00057
2204.05183
2208.14565
2012.09355
2110.08520
2008.04820
2108.12731
2109.03079
2110.14780
2204.07363
2011.13574
2110.09721
2209.12617
2010.05710
2203.16799
2106.03181
2209.02842
2203.13602
2210.08242
2108.03377
2104.08666
2204.02261
2006.07698
2110.07560
2103.11578
2009.14824
2210.02223
2205.11826
2202.00540
2105.14488
2010.05324
2003.04866
2202.04742
2106.06605
2211.02956
2207.09078
2107.11778
2110.08182
2203.09711
2208.05852
2108.02605
2101.11204
2204.05211
2210.00720
2209.12320
2104.07228
2205.10981
2107.01366
2207.11893
2201.09282
2004.09050
2112.12489
2105.00239
2104.07639
2106.01269
2204.09885
2109.10255
2012.15621
2208.10099
2108.12928
2211.08029
2106.00676
2107.07705
2207.02518
2210.15360
2112.06223
2211.05015
2207.01903
2210.06600
2103.16414
2211.02303
2207.10648
2003.02955
2211.07263
2010.09078
2106.09204
2210.11621
2111.02840
2205.15550
2102.05169
2012.01414
2111.06230
2101.02359
2211.15783
2201.02049
2108.00603
2211.02269
2001.02660
2110.15943
2212.09535
2112.03009
2210.07321
2204.09964
2112.15253
2006.10677
2104.07378
2201.07434
2206.01767
2211.02643
2205.12598
2005.01497
2010.10499
2111.00976
2211.11256
2010.06359
2102.10094
2104.09647
2107.03760
2105.05727
2110.10661
2210.16953
2205.01133
2108.08184
2203.14710
2212.01667
2210.08646
2202.02912
2207.03391
2105.12936
2202.09625
2204.08401
2210.13569
2108.12738
2109.06853
2105.07476
2211.05025
2108.06665
2209.08626
2101.00376
2102.09680
2204.01845
2205.12604
2012.04780
2109.10044
2011.11536
2106.04753
2109.12595
2107.08146
2205.12643
2212.09858
2101.10848
2204.00556
2011.04134
2009.01134
2107.00807
2206.11484
2111.01414
2207.06991
2109.00602
2206.15195
2108.13654
2010.02806
2108.02035
2010.03777
2101.05953
2109.04877
2110.00806
2106.12830
2103.11011
2110.12645
2205.13771
2102.12266
2004.15011
2202.09449
2209.11055
2210.02889
2212.02629
2204.05076
2204.04902
2009.06510
2110.10575
2205.03695
2104.05146
2209.10608
2003.05758
2011.01612
2004.12406
2205.03557
2102.07847
2201.01880
2204.11714
2209.03554
2112.14890
2202.05749
2011.13238
2207.00265
2208.04749
2201.10927
2210.14852
2011.03755
2105.12428
2104.07249
2212.00265
2108.03362
2011.10832
2204.10629
2104.08668
2206.11815
2210.16391
2209.07353
2204.13943
2108.03861
2109.05244
2010.15149
2012.04194
2205.02014
2105.12261
2109.13059
2105.06762
2211.09855
2008.08769
2209.11959
2210.11512
2209.11429
2102.04887
2205.02629
2104.08540
2106.14464
2203.04911
2010.08246
2210.07128
2203.00343
2101.12027
2207.06839
2209.09146
2209.03632
2103.11792
2209.05286
2206.04294
2201.05955
2205.08533
2111.02216
2010.02587
2006.14465
2009.06857
2011.00080
2208.03274
2211.03524
2107.00334
2202.07362
2211.03061
2109.06772
2205.11029
2104.07541
2210.11309
2210.12720
2207.06710
2203.12536
2101.10213
2207.10645
2103.15845
2005.07503
2201.08239
2210.06599
2203.12184
2104.13406
2205.14769
2212.07112
2105.13328
2204.13352
2108.06487
2101.09012
2109.07293
2201.07311
2105.12804
2207.05666
2104.05819
2109.14796
2101.01142
2202.04824
2012.04056
2209.04062
2205.03784
2104.11514
2204.05488
2208.05393
2210.03273
2212.10029
2209.14512
2205.11024
2008.09606
2203.07640
2212.10536
2010.08542
2209.01650
2201.01837
2011.05431
2010.04924
2104.00660
2109.00412
2208.10063
2102.08818
2109.04715
2210.14353
2011.03092
2012.00052
2211.02069
2004.00033
2011.09658
2212.09409
2109.01100
2104.08835
2204.06389
2209.06030
2106.03391
2210.14379
2112.07772
2209.01638
2201.07905
2008.00805
2106.07176
2010.15909
2102.09708
2104.10166
2104.06987
2112.11638
2204.05056
2112.01867
2205.15465
2203.10012
2101.05499
2106.06002
2204.09716
2011.13205
2011.03287
2209.00891
2112.01640
2212.09422
2004.13580
2205.15819
2110.08499
2104.01624
2206.14619
2012.15786
2002.05058
2112.13179
2103.07552
2202.13802
2108.05799
2211.08447
2211.16029
2204.13796
2209.12678
2210.14552
2103.10360
2110.02058
2103.06511
2201.10515
2206.07836
2204.04580
2210.13800
2201.04913
2012.14500
2010.05384
2004.07623
2207.04901
2111.10497
2212.07769
2209.05401
2106.02561
2103.01273
2204.13746
2109.07812
2111.07367
2212.10315
2206.03886
2209.09900
2212.04348
2101.10035
2212.06267
2011.14037
2202.13649
2205.15301
2211.05503
2112.10543
2203.09770
2203.13344
2011.06737
2202.06650
2009.09870
2004.00503
2204.00164
2001.11136
2012.08844
2109.05620
2103.03589
2106.11483
2002.00557
2202.07856
2211.05561
2204.02892
2204.13074
2210.11359
2201.08340
2201.03017
2103.01334
2207.05223
2108.05885
2202.08171
2107.07970
2210.12186
2103.06418
2212.03278
2101.03526
2211.03511
2211.13703
2106.04192
2206.14669
2107.00414
2109.05979
2204.09391
2210.11642
2109.07084
2102.09943
2006.00591
2205.11255
2106.11520
2205.08056
2208.14509
2212.10773
2009.11963
2003.04991
2109.09689
2007.14128
2204.07275
2210.12887
2208.09329
2108.12026
2206.03529
2205.09578
2111.10390
2208.00231
2109.13486
2109.11308
2212.07284
2204.08644
2211.13900
2203.07860
2201.09377
2002.00835
2107.07253
2211.17201
2101.09893
2206.10265
2205.06621
2201.02737
2202.02617
2109.06050
2109.08259
2205.09229
2108.11126
2109.12860
2204.10176
2104.04243
2207.10245
2109.05694
2106.04935
2104.08673
2211.15262
2210.04828
2112.06733
2210.01561
2010.07665
2202.10032
2110.02148
2210.04675
2105.02855
2201.08904
2003.11645
2204.08105
2211.02729
2212.00833
2009.10047
2204.11922
2204.13496
2005.07886
2004.00502
2106.03065
2105.04165
2209.13101
2102.11000
2211.13718
2102.00917
2205.16005
2010.10820
2109.07765
2209.10583
2203.10294
2009.07964
2210.09389
2212.10408
2010.05953
2210.06408
2010.06251
2205.12630
2110.06274
2203.03550
2101.11575
2202.12132
2210.03992
2210.15497
2012.11164
2106.13627
2211.02738
2207.11442
2010.15036
2102.10905
2104.08530
2205.00379
2107.07402
2006.12799
2205.05718
2110.08430
2205.15544
2211.12374
2110.05221
2110.06354
2101.05469
2010.03260
2011.11523
2203.16027
2101.11268
2110.10328
2204.07289
2011.00584
2208.13295
2110.02334
2202.00399
2203.08850
2210.12727
2004.14963
2209.01106
2205.06025
2203.07450
2203.11399
2204.10245
2204.06201
2204.02173
2012.09446
2211.10808
2209.00262
2109.14199
2212.10815
2204.04596
2105.14888
2109.03754
2103.07538
2006.02876
2010.03920
2104.08116
2112.08159
2203.15404
2209.13017
2106.15838
2204.14272
2104.12269
2104.11556
2012.04276
2012.14768
2106.03084
2009.14734
2106.12608
2111.02687
2107.10137
2011.08320
2103.01616
2205.15513
2109.12941
2106.06519
2008.13549
2202.13529
2112.06736
2101.00160
2206.12638
2101.02661
2009.07391
2203.12264
2211.04971
2110.12764
2203.04863
2011.04743
2103.14620
2011.12081
2202.12024
2102.10958
2210.11892
2101.07343
2103.12615
2104.01569
2205.00510
2110.10774
2110.02488
2204.03409
2211.15351
2011.04241
2204.14114
2111.12477
2104.08723
2212.08946
2107.12542
2210.09683
2011.06467
2101.11212
2205.10646
2109.13711
2111.08133
2202.07156
2104.09554
2106.00149
2112.10021
2112.07566
2108.01928
2109.08994
2204.05042
2210.02351
2105.11269
2012.01002
2211.03442
2210.00045
2108.03845
2211.13815
2209.08681
2012.02975
2201.00136
2011.07933
2205.08621
2205.12391
2110.06495
2102.03315
2210.05721
2105.01819
2212.03533
2111.14034
2210.03251
2011.07347
2211.14360
2203.02912
2202.02639
2103.10685
2012.15504
2209.03851
2102.00541
2211.08411
2205.12506
2203.12276
2208.11018
2212.09146
2110.11164
2107.02039
2010.02804
2108.03739
2203.11856
2110.07736
2210.11711
2205.12452
2209.06750
2107.01982
2107.12603
2205.11930
2101.11433
2212.09553
2205.04652
2210.12846
2210.15358
2104.03343
2012.04584
2204.01614
2109.08129
2108.02887
2204.09597
2210.07135
2012.06754
2109.05772
2203.15108
2111.10776
2202.01155
2111.09749
2006.10093
2105.13607
2101.10545
2004.07070
2109.04825
2211.04699
2202.00254
2205.13119
2203.07828
2212.05147
2002.00293
2110.04001
2106.01097
2202.05209
2105.08049
2209.10505
2210.10109
2211.07499
2008.10163
2212.10397
2110.15621
2004.06499
2104.08671
2006.00671
2205.13660
2108.03305
2109.03171
2206.14729
2104.04517
2201.09060
2209.01975
2105.03994
2108.10120
2205.00731
2110.07982
2008.03415
2211.05100
2111.06647
2111.07906
2210.13281
2204.02905
2103.11643
2110.03876
2210.07469
2210.04074
2203.08118
2106.03246
2106.05589
2210.07688
2105.02746
2205.01989
2112.04126
2205.13339
2106.09234
2210.09396
2103.07199
2205.07523
2009.01195
2211.00513
2205.10714
2109.04443
2103.01534
2111.14083
2111.03715
2205.12467
2109.07227
2101.03236
2009.12506
2109.02941
2209.06699
2208.10328
2204.04998
2201.11391
2205.06457
2208.08253
2212.10011
2210.12187
2107.14402
2205.13858
2203.08979
2208.08110
2110.03111
2210.05839
2212.09282
2204.03067
2109.08564
2004.02071
2205.12255
2212.01964
2101.09004
2101.09421
2011.07403
2103.05951
2106.01581
2209.06687
2205.11159
2207.04796
2103.11145
2109.05477
2106.15876
2110.07143
2205.06036
2205.09391
2210.12775
2212.10923
2207.03777
2204.02653
2202.12917
2110.07342
2108.06295
2110.06507
2012.09369
2008.01663
2004.13078
2205.15514
2002.01664
2109.09412
2107.11275
2102.00816
2212.11456
2105.07688
2206.10318
2108.12941
2106.06697
2004.07180
2203.07687
2203.14257
2211.10460
2111.00161
2105.14013
2211.13727
2212.10557
2205.07633
2212.09278
2104.04052
2109.04096
2012.03619
2204.07994
2108.13686
2101.05634
2104.08678
2209.03791
2103.14961
2210.17525
2106.13858
2103.14410
2202.06538
2211.11360
2008.04636
2111.02194
2206.00847
2104.05055
2210.13363
2205.14288
2211.16801
2206.09755
2109.11326
2210.05892
2209.13750
2210.02414
2212.01453
2110.02869
2004.03034
2204.06260
2004.14062
2210.16302
2012.07534
2010.14571
2110.12765
2102.04632
2212.10622
2005.12503
2210.13326
2104.10317
2108.05575
2212.08913
2205.03472
2105.06354
2108.13892
2206.11249
2010.06395
2012.00209
2012.07527
2105.03157
2111.08210
2011.05723
2006.04597
2012.07563
2102.02114
2109.07506
2109.03564
2212.11772
2201.03445
2208.12461
2204.00266
2211.07093
2012.08695
2205.12221
2109.00165
2108.00719
2005.11694
2101.00434
2211.17121
2201.02792
2205.00551
2201.02113
2208.01312
2103.17055
2111.11372
2208.13830
2108.02899
2104.12869
2110.09421
2209.11830
2104.08758
2206.08415
2003.03444
2109.07205
2212.02170
2104.11390
2104.14839
2111.14188
2111.01322
2210.04726
2010.12512
2201.04275
2103.16429
2106.06899
2106.01494
2212.01936
2204.04026
2208.09454
2204.09557
2012.15419
2104.00270
2106.06132
2101.02258
2004.11493
2103.00823
2104.08755
2103.06198
2211.12142
2205.09456
2208.09015
2211.13252
2208.03711
2209.06096
2110.01799
2211.06193
2205.15960
2204.05819
2003.01200
2008.12169
2104.10117
2102.01222
2212.11808
2008.11295
2104.06045
2002.06071
2204.00996
2008.09266
2011.02063
2105.13072
2212.12061
2104.06828
2109.10604
2112.07210
2204.10195
2202.04994
2012.15263
2209.03479
2203.04665
2105.05885
2204.07746
2205.11799
2109.07243
2011.09289
2210.09338
2206.10883
2109.07483
2201.07520
2011.14039
2105.02605
2212.10060
2012.01775
2112.13758
2109.03334
2210.16586
2010.12858
2108.01764
2005.02721
2110.08467
2109.07591
2110.03847
2206.12094
2103.02691
2210.05480
2210.15037
2205.04083
2104.07606
2204.08167
2203.11413
2104.08620
2203.14632
2101.03026
2109.10197
2205.12586
2107.09846
2112.11482
2209.09444
2103.16911
2210.06281
2205.01620
2205.01987
2205.10586
2102.09600
2108.12870
2202.12312
2210.08129
2005.13421
2105.11197
2103.16289
2211.03940
2106.04612
2008.13173
2210.11279
2104.07848
2007.02609
2212.03613
2102.09553
2111.14592
2210.09773
2204.11394
2008.09394
2112.03000
2211.11703
2101.00196
2202.02170
2210.13715
2104.12470
2010.02592
2109.04650
2011.09378
2205.05468
2211.11799
2012.04080
2210.10692
2209.08283
2105.11301
2108.13587
2211.15328
2210.11987
2106.06200
2103.08052
2108.10561
2106.12700
2104.08815
2206.14660
2011.00633
2106.00877
2212.10087
2007.15135
2203.10744
2107.06546
2212.09284
2210.17190
2109.02905
2004.09813
2109.05052
2105.05135
2207.11782
2104.05565
2110.07693
2212.10522
2201.05123
2109.10274
2206.09259
2109.05794
2106.05707
2101.00234
2106.06090
2210.03029
2011.01703
2205.12078
2103.00854
2103.06057
2111.13833
2212.02911
2208.06734
2102.13395
2212.00298
2209.00470
2209.00351
2204.02922
2108.05659
2204.08415
2110.04392
2208.07130
2210.09345
2107.11584
2210.02592
2207.06265
2005.11140
2107.06955
2110.06273
2111.00554
2208.02070
2204.04907
2211.16259
2208.01575
2210.05287
2109.00590
2109.05704
2206.09917
2210.04186
2205.00274
2211.00294
2211.07516
2109.15086
2207.01206
2104.08401
2106.04847
2107.11976
2102.02977
2202.03286
2210.02406
2108.00308
2202.03612
2207.13005
2208.09601
2005.06117
2003.06634
2010.11856
2203.07618
2104.00773
2209.08721
2212.05525
2212.01476
2105.05915
2202.00475
2011.00559
2112.13946
2105.11905
2112.09526
2102.01417
2212.10440
2110.08387
2105.09867
2108.03938
2112.07877
2104.08251
2211.15980
2205.12476
2212.09885
2105.03664
2106.05365
2204.08848
2011.02917
2201.11153
2203.06778
2205.09570
2211.16550
2109.06714
2209.13940
2102.12702
2109.15196
2105.01051
2109.02707
2105.09392
2107.10251
2110.13398
2103.04518
2207.09152
2110.00558
2212.07219
2106.05555
2104.08551
2111.06012
2109.04144
2208.01174
2201.06731
2201.12568
2202.12138
2210.07907
2106.01227
2207.05008
2101.09313
2204.09738
2110.04257
2205.13792
2110.01485
2111.01471
2102.13589
2104.05847
2006.12289
2206.15014
2101.10448
2211.09748
2205.10822
2011.06195
2007.06390
2106.00933
2208.11790
2202.08772
2109.07725
2103.05069
2207.04674
2204.11190
2211.07709
2104.07219
2008.01972
2203.08685
2104.12677
2109.07242
2106.15986
2205.06356
2107.02153
2204.13515
2210.02675
2109.08232
2201.08598
2210.03588
2106.00840
2111.13419
2010.05327
2206.13435
2111.14003
2010.08318
2201.05891
2002.12344
2204.07367
2110.12609
2011.04000
2112.07790
2205.05137
2010.04665
2203.09982
2202.01110
2012.13624
2012.14919
2103.02262
2011.10426
2102.11749
2204.04711
2205.12404
2202.07806
2105.02692
2211.03616
2210.13029
2104.07837
2109.11728
2107.00955
2107.02268
2107.04374
2205.06436
2209.04958
2106.08616
2101.09698
2210.12763
2007.11464
2210.07041
2105.02978
2104.09653
2205.02223
2105.03458
2111.12421
2008.04203
2209.06869
2108.01879
2209.06344
2107.14352
2203.00056
2211.08513
2108.07865
2011.05197
2011.06858
2210.03256
2108.10791
2107.01571
2012.08396
2211.01486
2109.07364
2202.03753
2112.06724
2207.11565
2208.08140
2006.01603
2203.12252
2210.06101
2211.01071
2204.00933
2109.05744
2107.11781
2010.02429
2205.07532
2105.08214
2204.04833
2108.01589
2106.07364
2210.12022
2104.05228
2205.11463
2212.09171
2211.02136
2104.01294
2210.13650
2106.02232
2007.12913
2111.02188
2106.10002
2004.10473
2105.14556
2102.09749
2211.01993
2012.03833
2006.01285
2110.08094
2204.05541
2112.09742
2107.05541
2202.03291
2103.04469
2109.02882
2103.07792
2011.13210
2106.11096
2105.13318
2103.00199
2203.15754
2006.03719
2208.03030
2211.00255
2110.01643
2212.08132
2109.06327
2105.12041
2001.10106
2210.07404
2003.13956
2108.02340
2211.01482
2112.09467
2203.05300
2205.12644
2202.12499
2209.03316
2104.02310
2211.09744
2110.10704
2205.14182
2209.05972
2101.05494
2204.10621
2005.10283
2209.10922
2209.11717
2011.12249
2202.09456
2211.03277
2112.11441
2010.16357
2007.15211
2212.08926
2109.08634
2203.14267
2209.12106
2106.04905
2109.03587
2110.10318
2212.00477
2109.06427
2208.14349
2105.15087
2105.14504
2205.12698
2106.07349
2101.05509
2111.11030
2210.08855
2210.10325
2212.10650
2211.15971
2212.08475
2106.07699
2104.13559
2007.10021
2109.07222
2103.14972
2102.07635
2012.02505
2210.04373
2112.10746
2012.08478
2205.05593
2101.04922
2205.08813
2109.08122
2106.03270
2104.08400
2211.08684
2011.06642
2104.14314
2109.07780
2205.11758
2212.10983
2109.12814
2210.14250
2112.10202
2205.12986
2209.09316
2205.11803
2110.05719
2106.08468
2202.01374
2204.07010
2212.09682
2211.15533
2004.14626
2109.05358
2205.04980
2201.06876
2106.03192
2004.06438
2107.04007
2104.07058
2205.12035
2103.03842
2205.10238
2112.08321
2204.10521
2107.04132
2209.04261
2110.05780
2204.13346
2107.12895
2209.10792
2206.13914
2105.03168
2110.07198
2012.08920
2102.05331
2001.07098
2006.07573
2208.05387
2106.00954
2212.12442
2212.11119
2012.00398
2205.11370
2108.09485
2109.08382
2106.08495
2109.08627
2203.00314
2210.12985
2112.05364
2203.14371
2105.08840
2209.01621
2101.10927
2011.14901
2012.07538
2210.04029
2205.02545
2101.01785
2201.00598
2203.01104
2105.14815
2009.09629
2110.02600
2204.09952
2110.01852
2203.14507
2012.12184
2107.08188
2211.05958
2204.05990
2011.02323
2209.08524
2203.10845
2110.03326
2111.07997
2211.10086
2211.04118
2112.08726
2109.14723
2202.13363
2005.06557
2204.13979
2201.07423
2209.00797
2109.03062
2203.12881
2102.03662
2212.01140
2105.14444
2210.08830
2109.03438
2109.07006
2201.02257
2204.01098
2108.01861
2203.05840
2007.12081
2112.04139
2108.11193
2206.06952
2101.03269
2109.04114
2211.02423
2101.09525
2109.12346
2204.04437
2206.08046
2104.08792
2110.05699
2205.05889
2206.07550
2005.00175
2106.08364
2105.09567
2106.03111
2104.05694
2112.11031
2110.15905
2205.12490
2211.04126
2104.09742
2204.07120
2105.06232
2204.09565
2209.12786
2012.04575
2103.10387
2209.05869
2010.02789
2211.04939
2109.09725
2101.11302
2212.10678
2109.07401
2204.13569
2104.05753
2005.09406
2109.09700
2210.09551
2109.00624
2209.07752
2212.13138
2009.13375
2210.04695
2112.08357
2210.05831
2203.16823
2205.12685
2210.10668
2109.02418
2210.10839
2103.05131
2105.03791
2107.00333
2110.07572
2106.01925
2212.01146
2407.11144
2410.12055
2406.12572
2507.05346
2410.08113
2501.15219
2503.07513
2305.05672
2301.10297
2406.17535
2508.01696
2302.04023
2406.03496
2501.01158
2408.06583
2312.06499
2503.22002
2505.12268
2504.07069
2505.00047
2405.06696
2510.06250
2406.16732
2310.08659
2508.07479
2305.13628
2505.23291
2312.12021
2310.05845
2408.03899
2501.10642
2509.15577
2509.01468
2502.09567
2407.02977
2306.00177
2504.10419
2512.02201
2404.01923
2508.13816
2512.01892
2306.01261
2404.07765
2501.13629
2504.09398
2410.15467
2410.16843
2502.00996
2504.00927
2306.16956
2511.11214
2309.04646
2306.11477
2406.09569
2503.15117
2504.00970
2506.03941
2406.13035
2505.16514
2408.05555
2410.16407
2405.15964
2412.12806
2406.19170
2504.04292
2302.06690
2405.15896
2404.19409
2508.20973
2410.00409
2301.11608
2510.23870
2501.01034
2306.11444
2509.11698
2410.01019
2502.17328
2303.04496
2508.21675
2410.02343
2511.08593
2308.10592
2502.10615
2404.08888
2404.08806
2503.23053
2512.07684
2512.09841
2305.13658
2505.00038
2304.13005
2312.01143
2410.15966
2502.10886
2508.05618
2304.02313
2402.10812
2410.03764
2503.13565
2402.04614
2407.16695
2407.16624
2504.00824
2307.00374
2305.13091
2512.06228
2407.18789
2505.19376
2508.04179
2412.16926
2505.09316
2505.22653
2502.05567
2505.07233
2504.10391
2410.23452
2411.00324
2511.06222
2506.05142
2410.14405
2410.04068
2511.06418
2302.06829
2506.06964
2310.07345
2412.20563
2306.08315
2512.17260
2305.09249
2402.17377
2312.04764
2501.18512
2508.16357
2403.20157
2311.16267
2410.05046
2411.15270
2412.20995
2408.04420
2508.15090
2304.11061
2403.10020
2505.12592
2506.04689
2402.11187
2510.11444
2505.17767
2504.09071
2309.15840
2409.16819
2401.11458
2311.13102
2502.16820
2406.12641
2506.03489
2402.01694
2502.19320
2503.00724
2404.13957
2511.06125
2404.14461
2509.00877
2305.11159
2503.02737
2411.03497
2407.07004
2509.12130
2502.19622
2405.01588
2310.02249
2412.15277
2409.15911
2403.05640
2311.17502
2508.11247
2507.15586
2503.07036
2305.16426
2508.15875
2504.02411
2310.10567
2303.16757
2310.18073
2506.07180
2406.15175
2305.08067
2510.18725
2405.04065
2407.01384
2310.15959
2301.10521
2309.13202
2504.05639
2302.05120
2305.06166
2511.13040
2312.06926
2302.05619
2506.13965
2308.11537
2402.10422
2406.15720
2512.22778
2503.02374
2411.00702
2503.20737
2407.17469
2509.21805
2312.03705
2302.09304
2403.14982
2502.07077
2410.10877
2307.13339
2504.02495
2409.14836
2412.20145
2510.06242
2408.10943
2308.02773
2403.04746
2412.14323
2501.13787
2407.04593
2410.08917
2410.01028
2506.14645
2512.00234
2511.06516
2404.03324
2508.05592
2408.11745
2405.10738
2403.19365
2307.15494
2310.19791
2403.00277
2502.06604
2504.11183
2504.11001
2306.05561
2404.03092
2501.08618
2401.12117
2509.21576
2406.04614
2512.19134
2308.01681
2505.18677
2502.02896
2507.16515
2305.19370
2402.04333
2502.00595
2305.01951
2307.16877
2505.10282
2310.18376
2309.04292
2402.09015
2508.15835
2410.22179
2504.08300
2505.14367
2507.19786
2303.10510
2406.00936
2310.04444
2407.02062
2305.15867
2402.02680
2502.17421
2509.01395
2505.20738
2509.03805
2401.14624
2410.00751
2512.02044
2506.15569
2410.06707
2412.08753
2409.13972
2511.09796
2407.04046
2401.06443
2305.05644
2301.13089
2306.10062
2310.03414
2508.20068
2411.02430
2512.22795
2409.04081
2309.14362
2407.02284
2310.13448
2406.07430
2307.05695
2404.07673
2312.17660
2402.13693
2505.24423
2310.10532
2305.17422
2306.01273
2305.03010
2409.16667
2410.12164
2304.00592
2410.10858
2407.06779
2510.08276
2402.10379
2502.20834
2503.03340
2310.20320
2404.18371
2402.16459
2402.11190
2307.07331
2305.11455
2309.05196
2310.05381
2408.10680
2505.23187
2504.07433
2303.16779
2301.03252
2411.18980
2508.21004
2502.01991
2512.15556
2402.04110
2410.18850
2509.22612
2410.14043
2407.00869
2512.21871
2510.27556
2408.08212
2506.04185
2504.07583
2305.08010
2305.18169
2308.08253
2412.13702
2308.01044
2310.13552
2408.10692
2404.03626
2311.05876
2403.17545
2304.12959
2511.01490
2502.11501
2510.14865
2309.02233
2502.05944
2312.16778
2506.09259
2405.16702
2412.12744
2409.12490
2406.19354
2505.19766
2502.19559
2502.06150
2410.08058
2309.07677
2505.02590
2408.02361
2512.04386
2308.08169
2402.17008
2511.07304
2511.04153
2311.01150
2403.19358
2310.08232
2312.10169
2406.12546
2304.04026
2412.15242
2503.09894
2511.08835
2403.17612
2310.17644
2507.11832
2505.14173
2508.07484
2410.16788
2511.14566
2504.02323
2506.17871
2412.13879
2305.03423
2307.07705
2503.21888
2409.13449
2405.04163
2405.03832
2301.02589
2308.08153
2312.11508
2305.11231
2308.15053
2412.15204
2410.15464
2311.07687
2508.18598
2510.09309
2509.10739
2512.02056
2305.16559
2509.04292
2504.21027
2506.18879
2404.00998
2411.07387
2509.06079
2306.02771
2510.19144
2510.07782
2503.01625
2502.00997
2310.05703
2503.00449
2309.00770
2509.14477
2410.00863
2511.00198
2502.20779
2502.01662
2505.20245
2502.17424
2511.03656
2407.01437
2309.14355
2410.13255
2512.08123
2303.18223
2505.20184
2410.12013
2505.18562
2302.06674
2409.02370
2511.04256
2308.04215
2402.10866
2411.06032
2505.24427
2305.08379
2310.06458
2505.24347
2402.11406
2406.01855
2411.15694
2511.06183
2301.11305
2507.03018
2502.09487
2504.12913
2503.16544
2305.00450
2505.09807
2410.13224
2404.17912
2311.00681
2510.06143
2511.18423
2509.24821
2402.10612
2310.17010
2401.14717
2506.15504
2306.01015
2403.12862
2508.15829
2305.09193
2501.11241
2501.13124
2410.02284
2409.00626
2503.23798
2403.00888
2503.01315
2305.05627
2504.07128
2305.13175
2505.16789
2509.25546
2505.18653
2503.04328
2306.16388
2512.00579
2505.11807
2411.13584
2505.11855
2312.08495
2405.04304
2308.04498
2503.06778
2310.04358
2505.22113
2402.00559
2402.17478
2402.09216
2411.09972
2305.16579
2408.00491
2407.02211
2505.07731
2406.19102
2501.15571
2505.03531
2305.06099
2404.11717
2302.12822
2505.13886
2511.04715
2510.27532
2403.18125
2403.04787
2501.08597
2402.10558
2506.06091
2502.01941
2309.05950
2412.04326
2406.19497
2401.03512
2509.06518
2302.06560
2406.17642
2305.17448
2303.11504
2304.06875
2412.15298
2408.07237
2504.07274
2404.02124
2504.12522
2307.03987
2401.12576
2402.14494
2402.19097
2409.16646
2407.02978
2507.02506
2510.12357
2306.00424
2402.14433
2504.14856
2512.20145
2511.18597
2502.00537
2310.16356
2311.16678
2507.13870
2309.08943
2502.18452
2506.22402
2505.18761
2306.02294
2412.17332
2507.08241
2504.09687
2403.00809
2503.00435
2505.17691
2407.13757
2407.17390
2504.13023
2510.08988
2306.06371
2301.10656
2502.12921
2512.23356
2508.06880
2309.10238
2411.03962
2405.03004
2402.18121
2311.16362
2312.10007
2502.07164
2509.23291
2410.13984
2404.15639
2306.05605
2306.17290
2408.09544
2412.00359
2512.17738
2508.17994
2510.23896
2305.17812
2409.00162
2506.19998
2507.21340
2412.07724
2506.21614
2402.03131
2509.13154
2505.22375
2503.15664
2406.12707
2406.04770
2403.00824
2402.10373
2308.08493
2406.18027
2301.11621
2412.13649
2306.01841
2407.11774
2310.05177
2511.09854
2310.03777
2507.03042
2411.18368
2406.02721
2408.09559
2501.15260
2306.02272
2307.03122
2310.13996
2402.16611
2505.22184
2304.00121
2308.15299
2510.06738
2508.07185
2310.05163
2507.02950
2505.19426
2406.08183
2309.00751
2410.03726
2507.19227
2403.00813
2410.06667
2305.17041
2502.04960
2510.24619
2505.04785
2411.12056
2510.25054
2305.18324
2502.05150
2410.07809
2302.05703
2305.19426
2509.24792
2310.16787
2502.11995
2407.02337
2406.13677
2502.03821
2403.00260
2405.06683
2402.14158
2509.21040
2509.09196
2302.06860
2506.04142
2510.21326
2407.06851
2401.06102
2509.21262
2409.16807
2403.17647
2406.13274
2406.18856
2407.04615
2403.11322
2412.17596
2506.04625
2311.05965
2507.16642
2501.01028
2409.15380
2412.19113
2410.20682
2503.01753
2512.17053
2310.05915
2406.03642
2409.11538
2405.10431
2406.16441
2303.12582
2507.22744
2409.08435
2506.22486
2509.22546
2307.07171
2307.00866
2402.18262
2502.05400
2404.02625
2305.15344
2402.11166
2412.11517
2410.22118
2410.07129
2304.12155
2512.18321
2405.10133
2309.07545
2307.09312
2410.21157
2309.02105
2505.14045
2406.18696
2506.08488
2508.15096
2510.07743
2312.12808
2412.11908
2301.09785
2402.05913
2509.17276
2304.01483
2406.14657
2305.10096
2411.00878
2301.02010
2502.01402
2502.12375
2407.21004
2305.11747
2401.07777
2411.14318
2311.03348
2310.17015
2403.17534
2512.12613
2410.08696
2406.11497
2306.17806
2509.04492
2512.19161
2405.19660
2504.01930
2402.11725
2410.07693
2402.11349
2411.07474
2312.10003
2408.11046
2309.11235
2510.26193
2305.19713
2510.11620
2402.11347
2512.14427
2307.06954
2502.12884
2401.06408
2505.24012
2411.03495
2401.09395
2508.19667
2305.19607
2312.12588
2310.20256
2402.05545
2502.13648
2505.20163
2505.15261
2405.06295
2301.07535
2409.15359
2404.08345
2412.15978
2306.03866
2308.15231
2501.15674
2509.20957
2511.17170
2503.15044
2509.15793
2505.07889
2305.08195
2301.11219
2505.20500
2510.09733
2504.07113
2503.19642
2509.08484
2409.11378
2406.12564
2508.07262
2410.09745
2408.05882
2503.04405
2511.06402
2410.04112
2412.17669
2510.06186
2402.16313
2512.15312
2407.06990
2506.05128
2511.08139
2402.01702
2503.08226
2301.02275
2503.20179
2305.13120
2304.13276
2405.14594
2510.02330
2310.14198
2507.02940
2406.17038
2309.12030
2506.00859
2508.07781
2509.19224
2406.18116
2306.01201
2403.00199
2509.15579
2306.02242
2502.13252
2412.11691
2312.07831
2310.11451
2502.05497
2505.18405
2507.19419
2503.13514
2503.02078
2511.03827
2510.15569
2412.20005
2302.07459
2509.21730
2508.16270
2405.06682
2510.19733
2507.06313
2402.08341
2311.09194
2505.07903
2405.19842
2510.06677
2507.16530
2402.17311
2307.07164
2405.18719
2307.12896
2508.17973
2305.13626
2306.00346
2407.01411
2504.03302
2302.09650
2311.18215
2411.13453
2508.15202
2409.12425
2404.01768
2307.14817
2408.13545
2510.26101
2405.04325
2406.17519
2412.12761
2512.21002
2505.12381
2503.12854
2510.02967
2503.12759
2504.21372
2501.15451
2304.02017
2504.20251
2401.03129
2410.08968
2502.14643
2405.05378
2511.22818
2507.06189
2408.13184
2510.06965
2501.13397
2404.07982
2510.09004
2410.01380
2510.07000
2508.06877
2405.08562
2410.14268
2406.19820
2308.09440
2411.07240
2401.07977
2408.09304
2512.19125
2510.01171
2511.01019
2404.07544
2305.17026
2409.16191
2412.01605
2408.16287
2505.19236
2404.01679
2302.14708
2506.13464
2506.07937
2509.24101
2406.11617
2407.01360
2505.05970
2411.14672
2302.12794
2512.20780
2508.02038
2509.04499
2406.13990
2505.00035
2402.02315
2507.01900
2402.00746
2508.05625
2502.12769
2402.13482
2410.03751
2504.19940
2404.07647
2501.05749
2502.16839
2309.03559
2311.09410
2504.17674
2412.21102
2305.08711
2502.12510
2507.21319
2405.09948
2507.13392
2405.00543
2510.27512
2310.06202
2504.13825
2407.19795
2504.14633
2509.21042
2310.00833
2304.02247
2501.13896
2411.02036
2503.22996
2310.01307
2508.21569
2406.16152
2303.01194
2505.24377
2506.20199
2509.01962
2508.19903
2305.01937
2509.06501
2510.01644
2402.00235
2501.01039
2504.07992
2407.00581
2508.17690
2412.16022
2304.11082
2407.04801
2408.03855
2310.03560
2401.17703
2409.00355
2405.10440
2311.07014
2311.11861
2408.00284
2410.22153
2404.07904
2409.10997
2505.07863
2509.21287
2411.06469
2407.08551
2309.06009
2310.08944
2403.01817
2312.02820
2310.07609
2305.19759
2510.15558
2511.17290
2404.14453
2501.19010
2310.13247
2406.17681
2407.05022
2301.10517
2503.22388
2406.19967
2305.13086
2302.02888
2305.18004
2507.11625
2303.04361
2412.11878
2504.10418
2402.11777
2301.02057
2501.13652
2406.19966
2402.11218
2311.13581
2401.10825
2305.08655
2410.11779
2401.14556
2502.01683
2405.14277
2506.04649
2307.12266
2407.17862
2504.11793
2511.08813
2309.11611
2302.05658
2312.06924
2512.12654
2408.10548
2412.07429
2508.07592
2503.05958
2406.02224
2305.12851
2510.23730
2504.13914
2401.07760
2510.11160
2404.02115
2504.14366
2407.00996
2509.08463
2506.09672
2405.19635
2507.05285
2505.21693
2407.06866
2405.03764
2405.05705
2403.09858
2408.04246
2402.10597
2503.00209
2505.00020
2310.05009
2502.01706
2510.09097
2306.05443
2305.03788
2401.05998
2410.02149
2402.17231
2410.13987
2508.15876
2401.10660
2402.18158
2305.11462
2402.15010
2508.12868
2405.01597
2309.14760
2502.14642
2411.18990
2502.17605
2411.07763
2304.08467
2411.03923
2508.06482
2503.08292
2412.01626
2307.06703
2402.19457
2504.14482
2308.15298
2310.05506
2305.04429
2510.06730
2412.15309
2511.14684
2312.10750
2511.10029
2502.08507
2310.12321
2401.17755
2505.20971
2410.04029
2403.14374
2507.22753
2504.21019
2412.03537
2511.01191
2401.03831
2506.05278
2410.23511
2410.10093
2405.06667
2402.16617
2310.10322
2409.16235
2406.01441
2503.23671
2505.14178
2509.09303
2410.00149
2408.02239
2410.13204
2403.01166
2407.01374
2504.04216
2409.16618
2509.01387
2402.16457
2305.17721
2402.18169
2406.12033
2503.00231
2502.06207
2511.22315
2309.09800
2504.10405
2410.13305
2409.20048
2407.02448
2502.07687
2409.20054
2504.09714
2512.10411
2505.24523
2412.05964
2410.10867
2308.15772
2506.05209
2502.10645
2402.16319
2506.15553
2505.11140
2410.09076
2502.18443
2312.08800
2504.16601
2302.04907
2501.11292
2404.02022
2501.00069
2304.11094
2508.21049
2508.18648
2311.17667
2502.09644
2504.14538
2409.10064
2504.11770
2309.08960
2403.16345
2505.20700
2409.02050
2305.11543
2506.05850
2409.01392
2509.02510
2310.14152
2507.13655
2504.17445
2504.16312
2305.01965
2301.10527
2308.10848
2502.17173
2409.20243
2402.04177
2512.15183
2510.24505
2406.13660
2410.22874
2510.03458
2310.16111
2405.09293
2402.17119
2508.11771
2510.02347
2503.00333
2410.14026
2508.06445
2311.07838
2502.12932
2311.09469
2412.11965
2310.07659
2403.15800
2407.17852
2502.00988
2507.16971
2502.07912
2511.10671
2508.07173
2512.01896
2410.18882
2505.14436
2407.05015
2506.14681
2511.16147
2506.07249
2302.03508
2403.06872
2410.23507
2310.15464
2405.14604
2508.16390
2301.02401
2506.14761
2502.18729
2410.15463
2411.01706
2502.06589
2403.12881
2412.03074
2501.00562
2408.12694
2503.16853
2403.07708
2512.07195
2511.14531
2505.22582
2406.04496
2509.19833
2502.14145
2406.12141
2309.06089
2401.01780
2507.03949
2412.00074
2410.17973
2502.20332
2408.14154
2508.04530
2412.10705
2306.12581
2403.07825
2512.14239
2407.19638
2412.15785
2411.08010
2302.05597
2402.05864
2509.04465
2505.20243
2406.04583
2506.21961
2312.01114
2510.04032
2312.10579
2511.18619
2506.05813
2309.04333
2504.07081
2309.13061
2403.11346
2411.16454
2506.14702
2502.02199
2502.13738
2510.06732
2409.03257
2304.11090
2511.10618
2408.05636
2305.16896
2501.16655
2407.04885
2411.14272
2403.15279
2507.04723
2507.00994
2501.03491
2404.14454
2305.19754
2512.21789
2407.04020
2406.17675
2412.04342
2406.03589
2401.15777
2507.17849
2512.12641
2405.11577
2407.17960
2305.13637
2512.23280
2503.08195
2506.00973
2302.06729
2410.20008
2404.16766
2512.01948
2510.09062
2406.19478
2508.14025
2305.11004
2306.01009
2407.10430
2510.09014
2307.07696
2503.00342
2302.12165
2403.08198
2507.04468
2309.04027
2502.08489
2510.09293
2509.02550
2312.16171
2505.20767
2502.13595
2502.18848
2301.13083
2404.07654
2509.19893
2402.16472
2510.02369
2506.00883
2306.07906
2412.05499
2503.02382
2501.16688
2507.16410
2411.05057
2508.07279
2305.03573
2512.06256
2304.01621
2306.02858
2401.10841
2301.10604
2410.14144
2406.02893
2403.01193
2502.16770
2502.02095
2303.02861
2412.13799
2505.24449
2306.10196
2307.01595
2501.11003
2510.27543
2503.15944
2510.02345
2307.11224
2307.06908
2506.07691
2311.00522
2512.17075
2310.18628
2406.03030
2311.11846
2405.14117
2506.05828
2405.00302
2507.19766
2410.03357
2308.04430
2306.11473
2512.21837
2301.13126
2410.16062
2310.11628
2509.05660
2402.00160
2505.08891
2309.10687
2511.03699
2506.05166
2510.18731
2305.18023
2305.19757
2406.17990
2408.10903
2509.21237
2503.01688
2502.20238
2412.04351
2410.05401
2403.05023
2312.03755
2409.11917
2312.03813
2406.16450
2412.14471
2408.10918
2412.13666
2412.15241
2502.06257
2502.04964
2506.16043
2512.15617
2406.09662
2402.08100
2508.13650
2312.10626
2501.05443
2503.16523
2504.00756
2502.20931
2309.07015
2512.04324
2412.19361
2501.08716
2307.03104
2306.10056
2312.15710
2409.00358
2402.14854
2503.16575
2403.08293
2311.11268
2505.23996
2501.01827
2502.20129
2305.11499
2505.20237
2305.11482
2305.03296
2506.08753
2505.19776
2410.07830
2302.04870
2505.19428
2410.17094
2402.08764
2509.16025
2503.16525
2505.18454
2308.03228
